5906 0.0 
6008 0.0 
632 0.0 
4579 0.0 
5758 0.0 
3491 0.0 
6967 0.0 
3552 0.0 
8668 0.0 
3263 0.0 
8865 0.0 
2674 0.0 
1355 0.0 
5139 0.0 
210 0.0 
1563 0.0 
7131 0.0 
8760 0.0 
4641 0.0 
6874 0.0 
5285 0.0 
521 0.0 
9432 0.0 
6832 0.0 
7997 0.0 
4357 0.0 
6105 0.0 
5454 0.0 
1413 0.0 
9269 0.0 
585 1.6553529103013886e-09 
7393 0.0 
5795 0.0 
8448 0.0 
7130 0.0 
9387 0.0 
3428 0.0 
7004 0.0 
5322 0.0 
4067 0.0 
2013 0.0 
2640 0.0 
2117 0.0 
1067 0.0 
8893 0.0 
3289 0.0 
4350 0.0 
6840 0.0 
6753 0.0 
8985 0.0 
2834 0.0 
3961 0.0 
9208 0.0 
5320 0.0 
9414 0.0 
109 0.0 
8416 0.0 
4563 0.0 
3677 0.0 
1308 0.0 
3672 0.0 
1676 0.0 
7938 0.0 
3 0.0 
5446 0.0 
1164 0.0 
7832 0.0 
5677 0.0 
3588 4.1926929289504145e-10 
8793 0.0 
5133 0.0 
2526 0.0 
927 0.0 
5330 0.0 
624 0.0 
51 0.0 
7091 0.0 
6670 0.0 
6713 0.0 
2556 0.0 
4765 0.0 
5557 0.0 
336 0.0 
1564 0.0 
457 0.0 
6531 0.0 
887 0.0 
7651 0.0 
9704 0.0 
9872 0.0 
4886 0.0 
4027 0.0 
8359 0.0 
1611 0.0 
2439 0.0 
3778 0.0 
7361 0.0 
7052 0.0 
7347 0.0 
6974 0.0 
5589 0.0 
4851 0.0 
3316 0.0 
9142 0.0 
307 0.0 
4891 0.0 
3408 0.0 
6473 0.0 
5165 0.0 
6990 0.0 
9395 0.0 
5857 0.0 
4492 0.0 
9051 0.0 
2853 0.0 
4045 0.0 
244 0.0 
5535 0.0 
7000 0.0 
3118 0.0 
2716 0.0 
941 0.0 
6213 0.0 
6781 0.0 
1114 0.0 
4516 0.0 
5027 0.0 
4244 0.0 
7115 0.0 
9700 0.0 
1649 0.0 
4109 2.1045044259777185e-08 
5276 0.0 
8048 0.0 
9084 0.0 
7176 0.0 
5132 0.0 
6330 0.0 
6957 0.0 
7790 0.0 
1687 0.0 
3023 0.0 
5196 0.0 
2668 0.0 
2764 0.0 
8408 0.0 
3459 0.0 
5910 0.0 
9139 0.0 
8136 0.0 
2901 0.0 
5279 0.0 
37 0.0 
5755 0.0 
8582 0.0 
9421 0.0 
3317 0.0 
6337 0.0 
7926 0.0 
5536 0.0 
406 0.0 
8149 0.0 
7863 0.0 
2420 0.0 
8651 0.0 
9808 0.0 
365 0.0 
7211 0.0 
2343 0.0 
6338 0.0 
8536 0.0 
2103 0.0 
5792 0.0 
8495 0.0 
9489 0.0 
3149 0.0 
3046 0.0 
9146 0.0 
9526 0.0 
8368 0.0 
6750 0.0 
9656 0.0 
3144 0.0 
3725 0.0 
7282 0.0 
3808 0.0 
3187 0.0 
2242 0.0 
6415 0.0 
5935 0.0 
9711 0.0 
6861 0.0 
7673 0.0 
6114 0.0 
5411 0.0 
4680 0.0 
345 0.0 
9776 0.0 
5971 0.0 
2465 0.0 
3999 0.0 
9303 0.0 
3636 0.0 
4398 0.0 
5334 0.0 
4929 0.0 
5354 0.0 
1859 0.0 
2555 0.0 
8657 0.0 
7745 0.0 
3718 0.0 
8779 8.557367989561748e-09 
8204 0.0 
813 0.0 
9412 0.0 
4952 0.0 
8810 0.0 
5069 0.0 
5575 0.0 
9185 0.0 
5608 0.0 
9664 0.0 
3955 0.0 
5965 0.0 
1040 0.0 
4200 0.0 
7298 0.0 
8967 0.0 
2858 0.0 
2477 0.0 
6621 0.0 
8774 0.0 
3864 0.0 
9415 0.0 
8949 0.0 
2669 0.0 
674 0.0 
1657 0.0 
393 0.0 
4476 0.0 
7092 0.0 
7252 0.0 
9333 0.0 
3589 0.0 
7738 0.0 
9073 0.0 
6943 0.0 
4598 0.0 
65 0.0 
8235 0.0 
2471 0.0 
9124 0.0 
9753 0.0 
9248 0.0 
6802 0.0 
9757 0.0 
6992 0.0 
8829 0.0 
3361 0.0 
4687 0.0 
6610 0.0 
8628 0.0 
4307 0.0 
5452 0.0 
9156 0.0 
3346 0.0 
4269 0.0 
6662 0.0 
7782 0.0 
2419 0.0 
3793 0.0 
93 0.0 
4415 0.0 
9386 0.0 
5229 0.0 
3441 0.0 
8433 0.0 
377 0.0 
7246 0.0 
9937 0.0 
3743 0.0 
506 0.0 
4107 0.0 
6999 0.0 
2730 0.0 
4981 0.0 
6975 0.0 
6848 0.0 
9770 0.0 
8242 0.0 
7857 0.0 
59 0.0 
4430 0.0 
8053 0.0 
1773 0.0 
673 0.0 
9875 0.0 
6559 0.0 
9590 0.0 
5727 0.0 
5813 0.0 
1277 0.0 
4410 0.0 
2919 0.0 
8492 0.0 
665 0.0 
3958 0.0 
4609 0.0 
7007 0.0 
5891 0.0 
1256 0.0 
6925 0.0 
861 0.0 
3452 0.0 
5436 0.0 
6685 0.0 
8135 0.0 
3274 0.0 
2560 0.0 
2479 0.0 
512 0.0 
6645 0.0 
5319 0.0 
1020 0.0 
3207 0.0 
5740 0.0 
8177 0.0 
1681 0.0 
3008 0.0 
4514 0.0 
6492 0.0 
4381 0.0 
3434 0.0 
1122 0.0 
7864 0.0 
1579 0.0 
9741 0.0 
3135 0.0 
4020 0.0 
3731 0.0 
760 0.0 
6384 0.0 
5900 0.0 
8650 0.0 
9064 0.0 
7569 0.0 
8220 0.0 
584 0.0 
6239 0.0 
2066 0.0 
1274 0.0 
9751 0.0 
5205 0.0 
8720 0.0 
6412 0.0 
3295 0.0 
7770 0.0 
2612 0.0 
9511 0.0 
9904 0.0 
8521 0.0 
8045 0.0 
3889 0.0 
4457 0.0 
3277 0.0 
3269 0.0 
1968 0.0 
2381 0.0 
8920 0.0 
8558 0.0 
6809 0.0 
2897 0.0 
1154 0.0 
8646 0.0 
7954 0.0 
311 0.0 
1692 0.0 
4487 0.0 
869 0.0 
1361 0.0 
8257 0.0 
6587 0.0 
6419 0.0 
5903 0.0 
8171 0.0 
1642 0.0 
7842 0.0 
4852 0.0 
2374 0.0 
2916 0.0 
3775 1.2163704047864549e-05 
1420 0.0 
1655 9.549125483399035e-10 
9624 0.0 
7608 0.0 
6303 0.0 
5643 0.0 
6785 3.6149571711085438e-06 
5498 0.0 
4839 0.0 
4597 0.0 
3017 0.0 
1828 0.0 
2906 0.0 
3544 0.0 
2695 0.0 
4383 0.0 
4023 0.0 
4867 0.0 
1340 0.0 
5696 0.0 
1108 0.0 
4984 0.0 
474 0.0 
6609 0.0 
8183 0.0 
137 0.0 
5135 0.0 
5957 0.0 
1071 0.0 
1903 0.0 
4794 0.0 
3835 0.0 
1921 0.0 
8219 0.0 
30 0.0 
4603 0.0 
300 0.0 
2846 0.0 
8943 0.0 
7348 0.0 
2424 0.0 
5814 0.0 
6798 0.0 
1670 0.0 
2145 0.0 
6442 0.0 
6252 0.0 
380 0.0 
2263 0.0 
902 0.0 
7420 0.0 
2724 0.0 
1309 0.0 
2664 0.0 
14 0.0 
6478 0.0 
8966 0.0 
6007 0.0 
5252 0.0 
8903 0.0 
3722 0.0 
8696 0.0 
4668 0.0 
2239 0.0 
382 0.0 
4906 0.0 
8723 0.0 
7096 0.0 
5361 0.0 
1771 0.0 
6115 0.0 
6173 0.0 
1072 0.0 
239 0.0 
3514 0.0 
7935 0.0 
8031 0.0 
1127 0.0 
1246 0.0 
1684 0.0 
410 0.0 
5968 0.0 
1185 0.0 
5712 0.0 
1829 0.0 
6152 0.0 
9729 0.0 
8319 0.0 
5886 0.0 
806 0.0 
8387 0.0 
3266 0.0 
7909 0.0 
4471 0.0 
5399 2.3758078092186863e-05 
312 0.0 
2296 0.0 
5630 0.0 
9591 0.0 
5167 0.0 
2826 0.0 
28 9.198730492598894e-10 
4850 0.0 
511 0.0 
2605 0.0 
5159 1.922581311167293e-09 
3785 0.0 
4954 0.0 
96 0.0 
7514 0.0 
4008 0.0 
6898 0.0 
7895 0.0 
773 0.0 
4677 0.0 
3976 0.0 
1047 0.0 
1153 0.0 
4564 0.0 
7447 0.0 
9629 0.0 
8593 0.0 
9957 0.0 
8050 0.0 
1884 0.0 
5574 0.0 
9731 0.0 
2896 0.0 
4316 0.0 
5193 0.0 
4474 0.0 
7168 0.0 
4443 0.0 
3608 0.0 
8972 9.38455039373176e-10 
4188 0.0 
6897 0.0 
7432 0.0 
9396 0.0 
7593 0.0 
3909 0.0 
4777 0.0 
2912 0.0 
1411 0.0 
7892 0.0 
4433 0.0 
3432 0.0 
3549 0.0 
7836 0.0 
5766 0.0 
5306 0.0 
4399 0.0 
3425 0.0 
2697 0.0 
4817 0.0 
4914 0.0 
4908 0.0 
4097 0.0 
8583 0.0 
7250 0.0 
5136 0.0 
8815 0.0 
1986 0.0 
9745 0.0 
9449 0.0 
3530 0.0 
4894 0.0 
3450 0.0 
8145 0.0 
4423 0.0 
4237 0.0 
1054 0.0 
9640 0.0 
1473 0.0 
9014 0.0 
2339 2.86340735844437e-10 
7215 0.0 
9553 0.0 
509 0.0 
4523 0.0 
7973 0.0 
6087 0.0 
497 0.0 
3170 0.0 
7016 0.0 
1310 0.0 
9350 0.0 
5393 0.0 
1546 0.0 
3836 0.0 
1465 0.0 
4282 0.0 
8613 0.0 
5378 0.0 
4947 0.0 
7710 0.0 
9961 0.0 
697 0.0 
174 0.0 
2359 0.0 
1936 0.0 
5898 0.0 
1909 0.0 
2092 0.0 
7666 0.0 
4158 0.0 
9485 0.0 
4118 0.0 
9850 0.0 
720 0.0 
1867 0.0 
543 0.0 
1739 0.0 
5607 0.0 
5904 0.0 
55 0.0 
4491 0.0 
9983 0.0 
4722 0.0 
7867 0.0 
8785 0.0 
7453 0.0 
8498 0.0 
7013 0.0 
8964 0.0 
5623 0.0 
892 0.0 
6490 0.0 
6461 0.0 
3679 0.0 
8486 0.0 
9929 0.0 
4313 0.0 
667 0.0 
8042 0.0 
2871 0.0 
2791 0.0 
2257 0.0 
4774 0.0 
7427 0.0 
7202 0.0 
6835 0.0 
1291 0.0 
971 0.0 
9775 0.0 
5185 0.0 
7450 0.0 
3736 0.0 
7299 0.0 
8499 0.0 
9239 0.0 
6596 0.0 
2911 0.0 
2124 8.877686196013375e-06 
1705 0.0 
764 0.0 
6393 0.0 
2053 0.0 
6255 0.0 
256 0.0 
7654 0.0 
2202 0.0 
5709 0.0 
3092 0.0 
6050 0.0 
9465 0.0 
4586 0.0 
9941 0.0 
7048 0.0 
7363 0.0 
1792 0.0 
6735 0.0 
9982 0.0 
1065 0.0 
6905 0.0 
2120 0.0 
6972 0.0 
1853 0.0 
3154 0.0 
7286 0.0 
281 0.0 
6270 0.0 
5095 0.0 
3151 0.0 
4058 0.0 
3127 0.0 
5290 0.0 
8762 0.0 
6039 0.0 
2824 0.0 
1294 0.0 
375 0.0 
9780 0.0 
2156 0.0 
874 0.0 
5129 0.0 
67 0.0 
3403 0.0 
5586 0.0 
621 0.0 
9944 0.0 
5793 0.0 
9204 0.0 
9136 0.0 
3796 0.0 
7313 0.0 
3682 0.0 
702 0.0 
9310 0.0 
1896 0.0 
9646 0.0 
7365 0.0 
1558 0.0 
5302 0.0 
6243 0.0 
4412 0.0 
5929 0.0 
2393 0.0 
4584 0.0 
9388 0.0 
7985 0.0 
5695 0.0 
3436 0.0 
3733 0.0 
8020 0.0 
2302 0.0 
4521 0.0 
4460 1.4850448080793296e-05 
6145 0.0 
7749 0.0 
1488 0.0 
7301 0.0 
3876 0.0 
9271 0.0 
1659 0.0 
8514 0.0 
9918 0.0 
1583 0.0 
5007 0.0 
3692 0.0 
5765 0.0 
2430 0.0 
5481 0.0 
8574 0.0 
2019 0.0 
2967 0.0 
5564 0.0 
3267 0.0 
2016 0.0 
6362 0.0 
2106 0.0 
8085 0.0 
2532 0.0 
7159 0.0 
8172 0.0 
6170 0.0 
8487 0.0 
6831 0.0 
1805 0.0 
222 0.0 
9713 0.0 
6797 0.0 
3120 0.0 
9169 0.0 
4830 0.0 
6601 0.0 
494 0.0 
57 0.0 
1505 0.0 
1110 0.0 
7757 0.0 
9636 0.0 
2417 0.0 
6519 0.0 
7696 0.0 
7785 0.0 
746 0.0 
4547 0.0 
884 0.0 
6748 0.0 
7332 0.0 
8599 0.0 
6726 2.3759708549518165e-05 
9313 0.0 
9812 0.0 
1879 0.0 
9122 0.0 
8679 0.0 
6060 0.0 
6149 0.0 
3198 0.0 
6447 0.0 
7685 0.0 
7012 0.0 
9450 0.0 
1118 0.0 
2852 0.0 
6293 0.0 
6616 0.0 
8451 0.0 
6896 0.0 
5860 0.0 
1509 0.0 
151 0.0 
8647 0.0 
9411 0.0 
4087 0.0 
2108 0.0 
7774 0.0 
1846 0.0 
2796 0.0 
7819 0.0 
5093 0.0 
9165 0.0 
7762 0.0 
4375 0.0 
1609 0.0 
8857 0.0 
4530 0.0 
9747 0.0 
7085 0.0 
9444 0.0 
2553 0.0 
7925 0.0 
8232 0.0 
3388 0.0 
8439 0.0 
1188 0.0 
7760 0.0 
6825 0.0 
2319 0.0 
2608 0.0 
5484 0.0 
78 0.0 
3037 0.0 
7520 0.0 
2953 0.0 
6672 0.0 
2072 0.0 
8724 0.0 
6557 0.0 
9653 0.0 
7811 0.0 
3386 0.0 
8231 0.0 
8697 0.0 
8764 0.0 
2688 0.0 
7256 0.0 
2244 0.0 
3039 0.0 
8195 0.0 
1766 0.0 
8915 0.0 
40 0.0 
2291 0.0 
7150 0.0 
8434 0.0 
5756 0.0 
492 0.0 
6406 0.0 
3130 0.0 
3724 0.0 
1321 0.0 
1087 0.0 
7910 0.0 
9539 0.0 
5158 0.0 
8575 0.0 
2837 0.0 
4588 0.0 
6617 0.0 
1046 0.0 
9734 0.0 
3974 0.0 
3525 0.0 
3426 0.0 
7612 0.0 
2000 0.0 
7119 0.0 
72 0.0 
8941 0.0 
1190 0.0 
5541 0.0 
8160 0.0 
2299 0.0 
8728 0.0 
4884 0.0 
2930 0.0 
2315 0.0 
2891 0.0 
9216 0.0 
734 0.0 
9827 0.0 
3799 0.0 
4678 0.0 
8132 0.0 
4943 0.0 
2068 0.0 
4064 0.0 
9956 0.0 
9266 0.0 
245 0.0 
1319 0.0 
6604 0.0 
1700 0.0 
2925 0.0 
1803 0.0 
9505 0.0 
2250 0.0 
5656 0.0 
4607 0.0 
3946 0.0 
677 0.0 
8115 0.0 
1231 0.0 
5213 0.0 
3041 0.0 
5247 0.0 
9098 0.0 
4494 0.0 
9148 0.0 
4800 0.0 
7703 0.0 
8472 0.0 
9542 0.0 
6717 0.0 
2029 0.0 
9992 0.0 
5973 0.0 
1924 0.0 
3399 0.0 
3417 0.0 
267 0.0 
6585 0.0 
8798 0.0 
4915 0.0 
7531 0.0 
3368 0.0 
845 0.0 
1267 0.0 
607 0.0 
1671 0.0 
2821 0.0 
7133 0.0 
2739 1.274833232034478e-09 
1140 0.0 
8269 0.0 
8058 0.0 
2851 0.0 
3804 0.0 
2335 0.0 
4659 0.0 
2345 0.0 
1594 0.0 
5868 0.0 
1661 0.0 
9231 0.0 
4788 0.0 
4702 0.0 
8378 0.0 
8190 0.0 
4291 0.0 
2079 0.0 
1282 0.0 
9587 0.0 
7943 0.0 
2493 0.0 
7271 0.0 
295 0.0 
843 0.0 
3827 0.0 
2181 0.0 
9733 0.0 
3944 0.0 
684 0.0 
4688 0.0 
4191 0.0 
9648 0.0 
8675 0.0 
9238 0.0 
6439 0.0 
9707 0.0 
38 0.0 
9500 0.0 
6910 0.0 
4480 0.0 
3390 0.0 
4223 0.0 
4911 0.0 
7023 0.0 
1554 0.0 
9381 0.0 
6698 0.0 
3561 0.0 
1303 0.0 
2112 0.0 
1940 0.0 
3893 0.0 
2517 0.0 
3659 0.0 
9694 0.0 
5489 0.0 
1363 0.0 
5751 0.0 
8633 0.0 
4759 0.0 
9360 0.0 
3168 0.0 
9121 0.0 
2954 0.0 
203 0.0 
3216 0.0 
1809 0.0 
5488 0.0 
1451 0.0 
1746 0.0 
8133 0.0 
7396 0.0 
3010 0.0 
4540 0.0 
7631 0.0 
1376 0.0 
9728 0.0 
5195 0.0 
4630 0.0 
1937 0.0 
8534 0.0 
1155 0.0 
269 0.0 
7403 0.0 
9195 0.0 
1160 0.0 
1487 0.0 
8519 0.0 
1666 0.0 
8713 0.0 
1941 0.0 
8092 0.0 
1100 0.0 
8569 0.0 
6401 0.0 
7970 0.0 
8743 0.0 
1316 0.0 
9330 0.0 
3861 0.0 
3137 0.0 
6591 0.0 
997 0.0 
1019 0.0 
937 0.0 
1362 0.0 
6477 0.0 
2633 0.0 
252 0.0 
6668 0.0 
741 0.0 
3851 0.0 
4498 0.0 
8515 0.0 
5374 0.0 
954 0.0 
4431 0.0 
7001 0.0 
4559 0.0 
9384 0.0 
4522 0.0 
7387 0.0 
692 0.0 
7917 0.0 
6906 0.0 
2649 0.0 
2610 0.0 
2305 0.0 
8350 0.0 
4669 0.0 
5523 0.0 
5339 0.0 
3385 0.0 
4665 3.7129101529420616e-10 
3074 0.0 
1765 8.065970009962786e-10 
6003 0.0 
8082 0.0 
6000 0.0 
8144 0.0 
8842 0.0 
9660 0.0 
3447 0.0 
2256 0.0 
4078 0.0 
6400 0.0 
9183 0.0 
4079 0.0 
8338 0.0 
9191 0.0 
7691 0.0 
9981 0.0 
6054 0.0 
7263 0.0 
1860 0.0 
5490 0.0 
5734 0.0 
3940 0.0 
2842 0.0 
5907 0.0 
6775 0.0 
3179 0.0 
6274 0.0 
505 2.351457972847408e-08 
3726 0.0 
3651 0.0 
7682 0.0 
2164 0.0 
6751 0.0 
3966 0.0 
8442 0.0 
4504 0.0 
3501 0.0 
2247 0.0 
9309 0.0 
6733 0.0 
8044 0.0 
3453 0.0 
4815 0.0 
6249 0.0 
8001 0.0 
1917 0.0 
3706 0.0 
8914 0.0 
6918 0.0 
394 0.0 
3689 0.0 
6374 0.0 
4358 0.0 
6135 0.0 
7821 0.0 
4004 0.0 
4478 0.0 
4441 0.0 
8027 0.0 
1393 0.0 
1724 0.0 
4181 0.0 
7494 0.0 
4130 0.0 
430 0.0 
4265 4.11336644227326e-09 
3159 0.0 
2065 0.0 
6208 0.0 
6336 0.0 
2749 0.0 
6301 0.0 
7527 0.0 
5852 0.0 
8429 0.0 
1620 0.0 
6853 0.0 
6578 0.0 
2591 0.0 
4832 0.0 
1064 0.0 
8971 0.0 
4332 0.0 
4174 0.0 
8480 0.0 
532 0.0 
696 0.0 
972 0.0 
9219 1.4869977835792194e-06 
4318 0.0 
371 0.0 
2044 0.0 
3009 0.0 
8245 0.0 
7182 0.0 
3566 0.0 
2571 0.0 
9844 1.434147262092413e-07 
3880 0.0 
1776 0.0 
2734 0.0 
4315 0.0 
2337 0.0 
7698 0.0 
7600 0.0 
2717 0.0 
2546 0.0 
7495 0.0 
6427 0.0 
7712 0.0 
249 0.0 
1575 0.0 
3272 0.0 
8489 0.0 
4306 0.0 
82 1.3925169908055395e-05 
641 0.0 
2682 0.0 
6919 0.0 
9602 0.0 
3360 0.0 
2683 0.0 
9150 0.0 
4823 0.0 
9090 0.0 
1278 0.0 
398 0.0 
7378 0.0 
1634 0.0 
9224 0.0 
3011 0.0 
5509 0.0 
716 0.0 
2055 0.0 
7253 0.0 
4100 0.0 
5744 0.0 
712 0.0 
9677 0.0 
9058 0.0 
7172 0.0 
196 0.0 
3615 0.0 
6468 0.0 
8296 0.0 
5658 0.0 
6147 0.0 
9888 0.0 
9379 0.0 
4629 0.0 
7036 2.6515327739622665e-05 
2074 0.0 
3278 0.0 
2950 0.0 
1120 0.0 
3070 0.0 
9091 0.0 
6588 0.0 
1885 0.0 
9245 0.0 
8086 0.0 
7006 0.0 
1051 0.0 
9897 0.0 
9371 0.0 
3871 0.0 
1534 0.0 
1584 0.0 
662 0.0 
1395 0.0 
8947 0.0 
2080 0.0 
2416 0.0 
2127 0.0 
2594 0.0 
4888 0.0 
3779 0.0 
3474 0.0 
612 1.5187597924518764e-08 
1403 0.0 
4151 0.0 
5218 0.0 
1639 0.0 
303 0.0 
5460 0.0 
3854 0.0 
4202 0.0 
2168 0.0 
3059 0.0 
2849 0.0 
3767 0.0 
6632 0.0 
6464 0.0 
1975 9.42919090030081e-10 
8395 0.0 
238 0.0 
7736 0.0 
8938 0.0 
9010 0.0 
7380 0.0 
3005 0.0 
7279 0.0 
1449 0.0 
1183 0.0 
3802 3.7290322912886253e-10 
8209 0.0 
6707 0.0 
3260 0.0 
349 0.0 
6969 0.0 
9614 0.0 
6939 0.0 
1102 0.0 
8081 0.0 
4039 0.0 
2004 0.0 
7116 0.0 
8251 2.805733145816447e-10 
3727 0.0 
5173 0.0 
7611 0.0 
3908 0.0 
177 0.0 
7239 0.0 
1453 0.0 
3440 0.0 
5768 0.0 
4934 0.0 
1394 0.0 
2064 0.0 
3061 0.0 
3347 0.0 
606 0.0 
9311 0.0 
9103 0.0 
9787 0.0 
9657 0.0 
5832 0.0 
308 0.0 
8661 0.0 
90 0.0 
359 0.0 
1299 0.0 
6061 0.0 
2269 0.0 
7088 0.0 
2196 0.0 
2752 0.0 
586 0.0 
4773 0.0 
3376 0.0 
1943 0.0 
202 0.0 
9962 0.0 
2828 0.0 
1255 0.0 
5318 3.514953261809512e-05 
8780 0.0 
7913 0.0 
5717 0.0 
6092 0.0 
5200 0.0 
8312 0.0 
5204 0.0 
1425 0.0 
4101 0.0 
8821 0.0 
714 0.0 
7557 0.0 
6078 0.0 
4362 0.0 
3970 0.0 
3527 0.0 
7844 0.0 
5854 0.0 
2271 0.0 
1900 0.0 
4646 0.0 
2623 0.0 
1995 0.0 
8554 0.0 
663 0.0 
6297 0.0 
6405 0.0 
9742 0.0 
7781 0.0 
9943 0.0 
8656 0.0 
6056 0.0 
1913 0.0 
2082 0.0 
5239 0.0 
3232 0.0 
3416 0.0 
8726 0.0 
1438 0.0 
8169 0.0 
6141 0.0 
3562 0.0 
4671 0.0 
4553 0.0 
1640 0.0 
2273 0.0 
6083 0.0 
6267 0.0 
8101 0.0 
6683 0.0 
5782 0.0 
7561 0.0 
1149 0.0 
7094 0.0 
1760 0.0 
744 0.0 
6592 0.0 
4426 0.0 
9368 0.0 
6521 0.0 
7817 0.0 
7456 0.0 
8616 0.0 
5895 0.0 
4157 0.0 
2645 0.0 
124 0.0 
4996 0.0 
4879 0.0 
7907 0.0 
2977 0.0 
5824 0.0 
1402 0.0 
9361 0.0 
5418 0.0 
9047 0.0 
4481 1.366383804618427e-05 
1410 0.0 
6467 0.0 
3366 0.0 
6289 0.0 
6200 0.0 
1942 0.0 
5462 0.0 
5513 0.0 
8189 0.0 
1055 0.0 
7955 0.0 
7047 0.0 
5592 0.0 
9678 0.0 
6035 0.0 
2654 0.0 
3004 0.0 
3379 0.0 
5458 0.0 
5191 0.0 
5893 0.0 
178 0.0 
6680 0.0 
8518 0.0 
5395 0.0 
7084 0.0 
6580 0.0 
9767 0.0 
7722 0.0 
8256 7.280064745485149e-11 
162 0.0 
9302 0.0 
1433 0.0 
6036 0.0 
859 0.0 
6687 0.0 
3002 0.0 
7877 0.0 
1013 0.0 
5664 0.0 
8870 0.0 
7707 0.0 
2603 0.0 
6614 0.0 
240 0.0 
7525 0.0 
2425 0.0 
7548 0.0 
6347 0.0 
2175 0.0 
200 0.0 
7199 0.0 
5845 0.0 
9626 0.0 
5182 0.0 
1971 0.0 
9209 0.0 
7900 0.0 
5115 0.0 
5791 0.0 
575 0.0 
5997 0.0 
102 0.0 
3284 0.0 
5691 0.0 
591 0.0 
4276 0.0 
1919 0.0 
5111 0.0 
8304 0.0 
1215 0.0 
7300 0.0 
9495 0.0 
1938 0.0 
4679 0.0 
9297 0.0 
5887 0.0 
2023 0.0 
6123 0.0 
3899 0.0 
8372 0.0 
9456 0.0 
9852 0.0 
6970 0.0 
8604 0.0 
8585 0.0 
4085 0.0 
7501 0.0 
5804 0.0 
5850 0.0 
2999 0.0 
2812 0.0 
6695 0.0 
931 0.0 
2519 0.0 
9234 0.0 
2941 0.0 
2205 0.0 
4003 0.0 
2937 0.0 
1703 0.0 
8956 0.0 
1918 0.0 
3227 0.0 
2552 1.3441331527513894e-05 
7558 0.0 
5689 0.0 
990 0.0 
7177 0.0 
7829 0.0 
1074 0.0 
7307 0.0 
2618 0.0 
8215 0.0 
4809 0.0 
2372 0.0 
6308 0.0 
3048 0.0 
1485 0.0 
2698 0.0 
1070 0.0 
8509 0.0 
786 0.0 
2089 0.0 
7143 0.0 
8280 0.0 
5885 0.0 
165 0.0 
9006 0.0 
3034 0.0 
7151 0.0 
7537 0.0 
2216 0.0 
1243 0.0 
84 5.046581528101585e-09 
5601 0.0 
3650 0.0 
5170 0.0 
8904 0.0 
2316 0.0 
4238 0.0 
1399 0.0 
1581 0.0 
9877 0.0 
3329 0.0 
9398 0.0 
8076 0.0 
6441 0.0 
2529 0.0 
2122 0.0 
4755 0.0 
2264 0.0 
7843 0.0 
2026 0.0 
5248 0.0 
9998 0.0 
7240 0.0 
823 0.0 
6090 0.0 
171 0.0 
424 0.0 
4439 0.0 
5392 0.0 
4725 0.0 
2438 0.0 
9698 0.0 
5192 0.0 
1895 0.0 
4786 0.0 
134 0.0 
1204 0.0 
3678 2.483654185092554e-10 
8883 0.0 
7628 0.0 
9527 0.0 
3518 0.0 
4033 0.0 
6295 0.0 
948 0.0 
5989 0.0 
275 0.0 
2096 0.0 
554 0.0 
321 0.0 
4590 0.0 
6513 0.0 
6341 0.0 
2719 0.0 
4731 0.0 
150 0.0 
6951 0.0 
