1865 1.9895196601282805e-13 
5741 0.0 
6603 8.526512829121202e-14 
3509 5.684341886080802e-14 
3714 2.2737367544323206e-13 
6820 5.897504706808832e-13 
7955 2.2737367544323206e-13 
485 2.2737367544323206e-13 
332 0.0 
8210 0.0 
1819 7.105427357601002e-13 
8759 5.684341886080802e-14 
3189 6.679101716144942e-13 
7849 1.9895196601282805e-13 
1005 8.526512829121202e-14 
2097 1.4210854715202004e-13 
1712 0.0 
7229 2.984279490192421e-13 
4329 5.684341886080802e-14 
610 1.1368683772161603e-13 
2349 0.0 
4751 1.1368683772161603e-13 
5403 1.1368683772161603e-13 
9171 1.1368683772161603e-13 
2724 0.0 
581 2.984279490192421e-13 
3853 4.689582056016661e-13 
3574 1.1368683772161603e-13 
4864 1.1368683772161603e-13 
2814 0.0 
6391 0.0 
9123 0.0 
2816 0.0 
634 0.0 
6100 1.1368683772161603e-13 
4382 0.0 
3735 0.0 
7033 5.684341886080802e-14 
8302 1.1368683772161603e-13 
3271 0.0 
4989 0.0 
8090 0.0 
2617 0.0 
9936 5.684341886080802e-14 
7309 1.4210854715202004e-13 
5978 0.0 
8618 0.0 
7302 5.684341886080802e-14 
5182 1.1368683772161603e-13 
5383 0.0 
6046 2.2737367544323206e-13 
403 4.689582056016661e-13 
3901 1.1368683772161603e-13 
9915 0.0 
4159 1.1368683772161603e-13 
7899 1.4210854715202004e-13 
9937 1.1368683772161603e-13 
9680 0.0 
2800 5.684341886080802e-14 
5486 5.684341886080802e-14 
259 0.0 
7901 1.1368683772161603e-13 
8889 1.1368683772161603e-13 
1928 0.0 
6453 1.1368683772161603e-13 
3246 1.1368683772161603e-13 
2214 1.4210854715202004e-13 
462 1.1368683772161603e-13 
5627 0.0 
4608 1.1368683772161603e-13 
1800 1.1368683772161603e-13 
6485 0.0 
5892 0.0 
1164 1.1368683772161603e-13 
1986 0.0 
4095 0.0 
6724 1.1368683772161603e-13 
8355 1.1368683772161603e-13 
9793 1.4210854715202004e-13 
6019 1.4210854715202004e-13 
318 5.684341886080802e-14 
3438 1.1368683772161603e-13 
5330 1.7053025658242404e-13 
6882 1.1368683772161603e-13 
8349 0.0 
5088 1.1368683772161603e-13 
8915 5.684341886080802e-14 
1331 0.0 
2137 2.984279490192421e-13 
2093 0.0 
5811 5.684341886080802e-14 
1065 1.1368683772161603e-13 
5139 5.684341886080802e-14 
5036 1.1368683772161603e-13 
2298 2.567808842501851e-07 
4335 1.1361027483893296e-06 
4488 1.1368683772161603e-13 
4268 0.0 
4955 0.0 
2152 2.2737367544323206e-13 
8009 1.1368683772161603e-13 
8531 0.0 
232 0.0 
5879 1.7053025658242404e-13 
8510 1.7053025658242404e-13 
8096 2.2737367544323206e-13 
5901 0.0 
7956 1.1368683772161603e-13 
5196 0.0 
7507 1.9895196601282805e-13 
5327 5.968558980384842e-13 
8130 5.684341886080802e-14 
439 1.1368683772161603e-13 
6947 1.1368683772161603e-13 
526 0.0 
3566 2.2737367544323206e-13 
8172 0.0 
8569 0.0 
2741 5.684341886080802e-14 
5537 0.0 
7283 0.0 
1312 0.0 
4337 1.1368683772161603e-13 
6934 5.684341886080802e-14 
6361 2.0055068716828828e-12 
5483 2.2737367544323206e-13 
290 0.0 
4701 5.684341886080802e-14 
7710 4.121147867408581e-13 
1524 0.0 
4913 0.0 
5477 0.0 
7598 0.0 
4819 1.1368683772161603e-13 
3460 0.0 
9869 0.0 
6363 5.684341886080802e-14 
1707 1.1368683772161603e-13 
5771 2.2737367544323206e-13 
6756 0.0 
8709 1.5631940186722204e-13 
8468 1.1368683772161603e-13 
7883 2.4158453015843406e-13 
9297 5.684341886080802e-14 
3241 4.973799150320701e-13 
3939 0.0 
8771 1.1368683772161603e-13 
6128 0.0 
4271 1.1368683772161603e-13 
4619 1.1368683772161603e-13 
831 2.2737367544323206e-13 
2557 1.1368683772161603e-13 
5883 0.0 
7842 1.7053025658242404e-13 
6156 5.684341886080802e-14 
2156 0.0 
5246 3.059294854234479e-07 
7130 1.7053025658242404e-13 
308 5.684341886080802e-14 
3927 0.0 
