7781 3.957837498554319e-06 
1664 3.958314399211622e-06 
9990 3.929924875850198e-06 
6563 3.953655707635062e-06 
1385 3.2362316666048026e-06 
7560 3.950949112720322e-06 
8503 3.9544689278132995e-06 
3817 3.9607347587991384e-06 
7102 3.958188416315485e-06 
5070 3.959644595772794e-06 
5375 4.0626887625307904e-07 
2120 3.958497603598378e-06 
8482 3.949732177996662e-06 
4649 3.92455728877297e-06 
6020 4.1473256469043645e-06 
1455 3.958362545779378e-06 
5509 3.9397610695513914e-06 
8917 3.958360710424091e-06 
2697 3.952983087947625e-06 
3855 3.9587109918019e-06 
1607 3.980961465849279e-06 
5727 8.949554293003273e-07 
7275 3.95829084466029e-06 
8932 3.9571294568048735e-06 
5564 2.7939299059938432e-06 
2193 3.845835806534942e-06 
4408 1.7557522800570679e-06 
2257 3.934899624015678e-06 
1813 3.959383160977068e-06 
5130 3.9560858308292475e-06 
7206 3.950386378151261e-06 
7072 5.208356330506028e-06 
1555 3.957545496482355e-06 
2845 3.960140135587638e-06 
2874 3.910868371213885e-06 
4372 2.778066744767264e-06 
7254 3.95868510190029e-06 
8538 3.953682709817532e-06 
2238 2.0323837612148585e-06 
8852 3.944509296197812e-06 
7173 3.958947096742522e-06 
2790 3.957951696321185e-06 
2365 3.9569415573290275e-06 
452 3.9627932233944515e-06 
4631 3.952213309364665e-06 
9948 3.959820417912408e-06 
7586 3.959574531436095e-06 
6356 3.918969033613985e-06 
9362 3.96970668053975e-06 
6632 3.915435370351072e-06 
8037 3.897227190012795e-06 
5717 3.941630775027708e-06 
5614 3.960989423493789e-06 
2127 3.960374229327967e-06 
3201 3.920736991923364e-06 
5154 3.955091721746032e-06 
1983 3.956870380540202e-06 
9149 3.9335697331398825e-06 
1860 4.123090936372046e-06 
585 3.963075740422784e-06 
2202 3.967124098501823e-06 
7938 3.550319985682683e-06 
4510 3.786009143736242e-06 
398 3.94131032292195e-06 
4268 3.994537507151985e-06 
659 3.951391713572974e-06 
5618 4.127653555563833e-06 
6609 3.957796833816592e-06 
8463 3.957311192856036e-06 
1100 3.962786553394334e-06 
6272 1.7226351724266271e-06 
7718 3.936412237952987e-06 
4849 3.958567974195631e-06 
8471 3.960068769422939e-06 
9292 3.958500245155755e-06 
9908 3.961981168094425e-06 
1263 3.7749613709957043e-06 
5078 3.945715232934136e-06 
2114 3.968429129389383e-06 
340 3.474846269233533e-06 
2923 3.953982283055975e-06 
6819 3.95731491169365e-06 
1764 3.96196968583438e-06 
73 4.039195413612163e-06 
3445 3.958318818928611e-06 
1897 3.9465666206019966e-06 
2386 3.971777679213297e-06 
294 3.957161469496912e-06 
9601 2.861337087333379e-06 
6940 3.958519423128584e-06 
968 3.958208241414957e-06 
8200 3.947647015623916e-06 
806 3.9563436672413746e-06 
1211 3.9583480253026516e-06 
9625 3.365581515450185e-06 
9276 3.9571218570561614e-06 
9694 3.958565366099879e-06 
8088 3.959202178103727e-06 
9738 3.949555807279733e-06 
7759 3.9571511665450344e-06 
1655 3.960097384855609e-06 
4625 3.963552511547201e-06 
2954 3.954198869397411e-06 
305 3.951669077990884e-06 
9125 3.9587607368883995e-06 
7856 3.95853611656774e-06 
2248 3.940277643018035e-06 
3003 3.822445219711085e-06 
6146 3.95945986906683e-06 
3682 4.409769524111425e-06 
748 3.955033554384745e-06 
7230 3.969625814199232e-06 
1288 3.95473274472017e-06 
6990 3.97460029524244e-06 
6089 3.977399376956469e-06 
884 3.958994524057347e-06 
1341 3.958481782302408e-06 
880 3.968271227204924e-06 
8705 3.968427558568483e-06 
1009 3.958301674275297e-06 
2947 3.960010676062431e-06 
2670 3.975274339064842e-06 
9534 3.956081472726041e-06 
4921 3.957042313233462e-06 
1614 3.934034429719329e-06 
3899 3.949688051948116e-06 
7678 3.959676646995007e-06 
2862 4.01951712049245e-06 
7332 3.925739320965504e-06 
7785 3.938094777704082e-06 
7379 5.133731399273628e-06 
1944 2.3386243098728386e-06 
772 3.9449585452097755e-06 
2896 3.957428027874828e-06 
3299 3.941084302865286e-06 
5912 3.942123126646838e-06 
1012 3.9581176162777775e-06 
7519 3.954578089275172e-06 
6732 3.95655296853961e-06 
2729 3.956596648388167e-06 
2421 3.938039770305996e-06 
2609 3.986286066033719e-06 
1152 3.972717982956121e-06 
9036 3.957835127130022e-06 
8169 3.958975077023746e-06 
5222 3.991049984267039e-06 
9828 3.971084149050138e-06 
4287 3.955213592577442e-06 
2837 3.956679144961992e-06 
160 3.958954062635314e-06 
9049 3.9545656717764e-06 
8488 3.9425117890183605e-06 
1384 3.958092486292214e-06 
9921 3.850674991335691e-06 
9941 4.08188523435265e-06 
7951 3.146457758560079e-06 
5170 3.976772970576438e-06 
6706 3.969513909287441e-06 
9280 3.954811569215114e-06 
3382 3.95196875389009e-06 
7985 3.969314801612819e-06 
4898 3.958637118358366e-06 
4057 3.973824237757549e-06 
1524 3.956379816874637e-06 
8779 3.955406702575365e-06 
6686 3.963561216918767e-06 
6544 2.8050239726186093e-06 
3770 3.958456104544415e-06 
5438 3.9522073196764016e-06 
4516 3.911262858873153e-06 
4159 3.9418188592306666e-06 
9297 3.956599230322464e-06 
3051 3.93867586640027e-06 
9684 3.946627923310901e-06 
3597 3.961292193905905e-06 
4489 3.977865377797394e-06 
8800 3.957903213115918e-06 
7116 3.765452543681329e-06 
5776 4.097180346685446e-06 
1791 3.958621779920067e-06 
8004 3.959655738957147e-06 
7386 3.9574308006944395e-06 
6248 3.95763166597494e-06 
4188 4.090273159826674e-06 
6015 3.962570422092971e-06 
7889 3.958816582568778e-06 
5558 3.961417348436074e-06 
8793 3.865292737542451e-06 
2274 3.9609269998246804e-06 
134 3.958371288138824e-06 
8638 4.023682031305748e-06 
5276 3.947326444320434e-06 
5271 3.1689263624350107e-07 
1184 3.970915876272504e-06 
1724 1.9035814953724677e-06 
2904 3.958019601774498e-06 
9458 3.955939746753527e-06 
5952 3.9543128171883215e-06 
1609 3.9586128127634985e-06 
1172 3.9572842091910525e-06 
5991 3.95841075339481e-06 
9954 3.922256067082233e-06 
4227 3.8970197854598985e-06 
3182 3.954380318172338e-06 
2360 3.8061981443249774e-06 
9038 3.957967846575343e-06 
3860 3.958163090941487e-06 
9137 3.9583382555704185e-06 
2584 3.961727510979055e-06 
5682 3.95963604033284e-06 
4175 3.967738218811368e-06 
6162 3.7603699876240046e-06 
1812 3.958515334405005e-06 
5129 3.959041589587468e-06 
3071 3.956432165659953e-06 
4284 3.926300862853513e-06 
180 3.956887738235224e-06 
4904 3.9548340089929136e-06 
7103 3.964217648119824e-06 
6178 3.958198256225279e-06 
5215 3.819597836842399e-06 
1285 3.943446319661711e-06 
8300 3.959839655923827e-06 
4812 3.963291059796315e-06 
1703 3.977877195656571e-06 
1072 3.941486546640078e-06 
588 3.7497565832536222e-06 
4535 3.950757525601123e-06 
4669 3.938680349665163e-06 
5131 3.965732331259678e-06 
399 3.891271450085926e-06 
5945 3.950581789157407e-06 
875 3.9568999135947494e-06 
1066 3.959914625940832e-06 
4962 3.9610267836531235e-06 
7652 3.7037689434880995e-06 
3653 3.958001271513256e-06 
8377 3.960096915412563e-06 
530 3.987933809697833e-06 
8094 4.1089420925205275e-06 
3666 3.958534876579579e-06 
6275 3.95815652669429e-06 
4031 3.9493095521420055e-06 
2204 3.958117239067083e-06 
2175 3.96529571547493e-06 
3996 3.95748425114945e-06 
9433 3.95111269542262e-06 
2393 3.951293392867654e-06 
5248 2.995792715011579e-06 
256 3.9493318304604125e-06 
9702 3.957902679222246e-06 
787 3.6235837291645574e-06 
5715 3.92528618923152e-06 
669 5.34050592413911e-06 
8998 3.933878127749165e-06 
3834 3.852374156312044e-06 
8848 3.926193424855138e-06 
3038 3.953601332729891e-06 
6434 3.9590542213948425e-06 
6626 3.955081912099137e-06 
5199 3.943394548438424e-06 
2443 3.963770432353753e-06 
8604 3.956494866620535e-06 
1363 3.937750047535854e-06 
8277 3.95638696372315e-06 
758 3.956124593472316e-06 
8095 3.958863874932215e-06 
8041 3.958186529300987e-06 
731 3.953290421055388e-06 
8976 3.956383716620972e-06 
2709 3.232384848563469e-06 
9683 3.957716093638537e-06 
4653 3.955512769381663e-06 
4201 3.95729123446393e-06 
1491 3.957605807376094e-06 
2182 3.966472780130979e-06 
4273 3.982345577926273e-06 
8719 3.932404722723062e-06 
1327 3.9559378212231944e-06 
6630 3.9555130233581e-06 
4718 3.953914053822468e-06 
5274 3.965418186556302e-06 
5270 3.971388302233297e-06 
3317 3.984769357720241e-06 
9451 3.908008082152435e-06 
8647 3.975575721528715e-06 
7122 3.95993972891196e-06 
6477 3.953414296516766e-06 
9957 3.981988882511011e-06 
6862 3.952965037612369e-06 
353 3.957043087100807e-06 
8113 3.950265181802556e-06 
9391 3.961003081079087e-06 
3780 3.929611155494812e-06 
2690 3.958252709486705e-06 
150 3.958434448730164e-06 
299 3.929387674374042e-06 
9740 3.933830772592883e-06 
7585 3.9576187359611155e-06 
9358 7.317185821462843e-07 
7946 3.9544757370428535e-06 
6478 3.95767451737231e-06 
3884 3.933214300398044e-06 
8961 3.927137120907146e-06 
4886 4.003061909750677e-06 
9377 3.951157197890502e-06 
3752 2.451941111809146e-06 
3640 3.9537570596188045e-06 
1658 3.956174108935697e-06 
1856 3.8609877850190184e-06 
9444 3.561263236451573e-06 
6367 3.958454766223255e-06 
7112 3.9614244211757266e-06 
6304 3.959068628622696e-06 
5208 3.959123664991508e-06 
3405 3.95739320155483e-06 
1234 3.957748974590186e-06 
6479 3.969580986926472e-06 
7444 3.905168276062091e-06 
1963 3.958557980319847e-06 
4827 3.959328389026191e-06 
7304 3.958353519013259e-06 
8986 3.849476184510539e-06 
3217 3.968280382656681e-06 
214 3.920797516195688e-06 
3120 3.959762666790907e-06 
469 3.6902946568737993e-06 
657 3.919853063095334e-06 
6392 3.957041897592381e-06 
184 3.206669732375017e-06 
3872 3.9482766427861335e-06 
3481 3.958780984875005e-06 
8356 3.95835293640763e-06 
6266 7.003668177905862e-07 
5757 3.931315541427766e-06 
3946 3.9575406397794765e-06 
1181 3.9431690752463235e-06 
7080 3.958942232727782e-06 
4549 3.9595194725019656e-06 
3771 3.957662757114556e-06 
3076 3.9571725133596745e-06 
2203 3.957716347222982e-06 
903 3.95524627929232e-06 
8318 3.878219067361068e-06 
2649 3.960114073012333e-06 
8639 4.130388406197795e-06 
9317 3.3014334791720437e-06 
2907 3.958542441563718e-06 
2077 3.926899340608632e-06 
2921 3.9895143379356016e-06 
8263 3.958573585126444e-06 
5781 3.955495529635817e-06 
7962 3.918951433417204e-06 
5128 4.0032932122163456e-06 
1576 3.899589310005962e-06 
9935 3.957004905749373e-06 
3598 1.9588284474695656e-06 
3673 3.928832455962129e-06 
4384 3.958545543715623e-06 
427 4.496982689492409e-06 
7580 3.8620229042399345e-06 
8223 3.972823103971173e-06 
5341 3.9585564217977245e-06 
3564 3.959502865799316e-06 
6522 3.958852529156332e-06 
7667 3.952389677385e-06 
7654 3.958839987598269e-06 
1317 4.439945544219863e-06 
4998 3.929491217739864e-06 
5423 3.951916352394213e-06 
4553 3.95252278504834e-06 
3112 3.957198064162856e-06 
7193 3.958686386239524e-06 
208 3.9648855164211595e-06 
78 3.9534426963167395e-06 
7633 3.916314870869958e-06 
5125 3.959023892456418e-06 
503 3.957870936368277e-06 
3582 3.960271667453296e-06 
4349 3.955129123346535e-06 
7146 3.95280234805528e-06 
3111 3.9364151796364735e-06 
9693 3.917268486986956e-06 
894 4.014043436436069e-06 
1667 3.8888806992201664e-06 
6722 3.953056149478802e-06 
756 3.947901090255817e-06 
9961 3.755677469722922e-06 
9488 3.955316632330666e-06 
9772 3.957017116334142e-06 
9143 3.898336810150866e-06 
3713 3.959511555151782e-06 
1493 3.873442975219788e-06 
7787 3.960976174411841e-06 
7305 3.958562364603169e-06 
5469 3.960598567471373e-06 
2171 3.949818479115073e-06 
8116 3.948085634342134e-06 
923 3.87419817641787e-06 
230 3.958376563148453e-06 
5103 3.960788434230013e-06 
7207 3.96575627990877e-06 
507 3.96216158165984e-06 
7221 3.637431391081174e-06 
6780 3.944476575172553e-06 
4375 3.958754707845903e-06 
4496 3.9555614893188124e-06 
8240 3.940104757998679e-06 
8693 3.952060207415516e-06 
4726 3.966968957982179e-06 
4802 3.960412733473395e-06 
2211 3.958083171036981e-06 
3937 3.982145015585675e-06 
4488 4.027424761010276e-06 
2109 3.9588346958685115e-06 
9894 3.4466699648180537e-06 
8388 5.352921177020289e-06 
8910 3.955685135467513e-06 
4823 3.968031440084425e-06 
6076 2.842018861488231e-06 
3436 3.958665151061776e-06 
6584 3.959307184784007e-06 
2776 3.953907740588112e-06 
9667 3.923967324190235e-06 
6600 3.90222358616307e-06 
5168 8.708297155208479e-07 
2654 3.961589852456832e-06 
4377 3.95475102736741e-06 
4721 3.95540144274699e-06 
9993 3.9307512320063085e-06 
7578 3.958043790952259e-06 
5545 3.958472404616912e-06 
8729 3.743227684610302e-06 
4041 3.909031742555651e-06 
8449 3.946317054612527e-06 
6416 3.955418073853927e-06 
3577 3.957136083896916e-06 
1197 3.958857203373108e-06 
8028 3.955616517097967e-06 
4601 3.957975034218413e-06 
2582 3.95845856226982e-06 
1106 3.957563201282589e-06 
7488 3.8477446165725575e-06 
8742 3.9583845657132906e-06 
1368 3.95857425311949e-06 
1422 3.971379945918593e-06 
1219 3.958923275509097e-06 
3835 3.9589263783948115e-06 
4890 3.957964740557851e-06 
1428 3.368251326068349e-06 
633 3.939790983142854e-06 
596 4.217737568562209e-06 
3695 3.958879642083704e-06 
743 3.8017793143651173e-06 
842 3.952739281800481e-06 
6613 3.9339806566295726e-06 
9345 3.929915594773586e-06 
1351 3.630792475017587e-06 
1134 3.958540919445914e-06 
3088 1.3409761692733297e-06 
2713 3.452843606485459e-06 
5266 4.68839106368747e-06 
5959 3.969823396398174e-06 
9359 3.954437300974785e-06 
3269 3.957269339293788e-06 
8769 3.960269070308444e-06 
387 3.9299102304307615e-06 
6085 3.9529634751368355e-06 
8464 3.968404268081849e-06 
2888 3.958980804034706e-06 
1133 3.957924808460974e-06 
2078 2.288477198847314e-06 
217 3.956244677831433e-06 
1145 3.994424816313192e-06 
8066 3.870307320584818e-06 
2179 3.968237541163156e-06 
6898 3.947088698483486e-06 
350 3.937818702552351e-06 
5949 4.042111175278925e-06 
31 3.952943381162426e-06 
9660 3.9587898172205885e-06 
4569 3.961311150589497e-06 
6173 3.969723318679949e-06 
1660 3.956806455564855e-06 
9454 3.669610771249724e-06 
7083 3.957847822135339e-06 
4939 3.733760386479872e-06 
3925 3.932712809688909e-06 
2967 3.958435564954932e-06 
8185 3.958544936576047e-06 
4302 3.9463414658953915e-06 
7762 3.81533623324816e-06 
3165 4.604064158729685e-06 
358 3.9500548803018515e-06 
2444 4.067774076320235e-06 
9420 3.958312117080598e-06 
3106 3.958965883723628e-06 
5704 3.953304742836272e-06 
8250 3.9574055758029025e-06 
601 3.958197763024677e-06 
701 3.961196287759443e-06 
895 3.9447457478880214e-06 
6021 3.958548118495976e-06 
2952 3.758261657382411e-06 
4290 3.9372395885573886e-06 
9595 3.9581831621357415e-06 
8078 3.888935014790469e-06 
5152 3.9004811109154695e-06 
4204 3.946203266342451e-06 
25 3.959537306627923e-06 
2656 3.95566656942586e-06 
100 3.95883553690947e-06 
8128 3.9394022243688205e-06 
9744 3.958795878103791e-06 
2177 3.958254637059695e-06 
6619 3.958304335688517e-06 
6430 3.95794504194133e-06 
5053 3.966471057419656e-06 
3072 3.964909206700685e-06 
7902 3.958060145475354e-06 
9520 3.957806489314827e-06 
9446 2.6475744320129442e-06 
6 3.953341271341191e-06 
2165 3.9577727795970685e-06 
434 3.954764990352552e-06 
405 3.957664073106087e-06 
2787 3.976210783015247e-06 
9199 3.7180093617844806e-06 
8262 3.9586477517713495e-06 
9600 3.959415460187356e-06 
5744 3.9509143849628395e-06 
3103 3.939644590479546e-06 
3326 3.957198948788701e-06 
1142 3.5606204614325423e-06 
7482 5.203643455888516e-06 
3648 4.144011139994655e-06 
6601 3.961512124083947e-06 
7460 3.955494762276551e-06 
3696 3.9631014063700395e-06 
6409 3.9554921062827434e-06 
4024 3.944238153747133e-06 
8868 3.616456538832224e-06 
7159 3.961447916349704e-06 
7647 3.90854788293752e-06 
9004 3.934186378442724e-06 
3385 4.947920074042578e-06 
713 3.964879070215693e-06 
9254 3.958609269660759e-06 
7978 3.959502874009124e-06 
9901 3.958945617204675e-06 
1675 3.957644267786337e-06 
5353 3.959066130493183e-06 
7536 3.949623095682811e-06 
9969 3.95650873260283e-06 
3961 4.349655275855895e-06 
2401 3.6271903071768006e-06 
8836 3.955644726614488e-06 
8795 3.6277036356747674e-06 
6779 4.332838178163264e-06 
5441 3.640869530605436e-06 
1328 4.2167159528245705e-06 
3082 3.930665690713425e-06 
5701 3.8141955824554523e-06 
4142 3.959046644771659e-06 
8985 3.959058812600426e-06 
2010 3.958870741721944e-06 
2250 3.96019787829525e-06 
2040 3.9576186568320175e-06 
2226 3.958676452722142e-06 
6472 3.958770926815131e-06 
982 3.947146586421884e-06 
262 3.90307048786719e-06 
813 3.9652902374367505e-06 
9352 3.96080304090654e-06 
3308 3.956927899135931e-06 
1396 3.961561696429841e-06 
5499 3.95715167955776e-06 
1680 3.956818140974783e-06 
3357 3.954891944528066e-06 
9323 3.881416453836936e-06 
3947 3.965750343562586e-06 
8525 3.953615101750204e-06 
5459 5.272894683320706e-06 
3785 3.948995436457134e-06 
7815 3.957642501104975e-06 
3287 3.954464174093014e-06 
4092 3.964880546891248e-06 
8867 3.959005510432607e-06 
8099 3.955847297459885e-06 
3090 3.959322584136679e-06 
8675 3.857665164164225e-06 
7255 3.649361142063302e-06 
7704 3.957611754125709e-06 
7631 3.958870040673385e-06 
5668 3.9648473313248935e-06 
2992 3.700625936737045e-06 
5658 3.948953208503417e-06 
9409 3.992629679962387e-06 
4211 3.8548137217807704e-06 
4019 3.962783590209518e-06 
1705 3.9658129696959385e-06 
1814 3.894090639527733e-06 
7413 3.9578565760725686e-06 
5624 3.958591248411055e-06 
1646 3.8265585515564075e-06 
6460 3.939809052447401e-06 
6915 3.930916584662483e-06 
7222 3.958667568174664e-06 
3875 3.957797558980508e-06 
3672 3.94117917926342e-06 
4117 3.865372929776632e-06 
8610 3.94889495824743e-06 
2771 3.938651421971608e-06 
1141 3.96027094892886e-06 
3143 3.9562486117575504e-06 
9144 3.956076302767364e-06 
9338 3.959529888817376e-06 
1448 3.92142734295803e-06 
718 2.125354748086004e-06 
9380 3.951441622433327e-06 
2011 3.92417746679882e-06 
8486 3.955034238702411e-06 
5284 3.911225241431611e-06 
8715 7.765162446643069e-07 
9850 4.622593990604972e-06 
7724 3.9588909393401385e-06 
8092 3.907108855553913e-06 
1372 3.820926919930181e-06 
4222 3.958450576841149e-06 
9205 3.95346793945003e-06 
3356 3.933141732152003e-06 
6359 3.958389782201248e-06 
1484 4.003313024759364e-06 
1550 3.852631897562494e-06 
9457 3.95757397335698e-06 
8017 8.455222805829308e-07 
6639 3.5216434140988416e-06 
5299 3.950907714445719e-06 
4809 3.931016940378897e-06 
7904 5.916511890731914e-06 
4129 3.946613556664573e-06 
9581 3.958567607779753e-06 
5854 3.958755698561296e-06 
568 3.958766918940977e-06 
7353 3.930274583351961e-06 
5733 2.920350527522243e-06 
2033 3.958823713068615e-06 
9656 3.445218579143303e-06 
3737 3.96378410736006e-06 
9073 3.938156524470757e-06 
9185 3.956153719787144e-06 
8882 3.967618599173852e-06 
613 3.946079194700189e-06 
1693 3.960341874021298e-06 
561 3.826320746082696e-06 
6130 4.011830420536807e-06 
6533 2.947235884637903e-06 
5575 3.953448660185891e-06 
8549 3.7906107289923094e-06 
6803 3.953429210329997e-06 
7798 3.966124199420366e-06 
3813 3.966887338583122e-06 
848 3.962987195728321e-06 
3842 3.958499788564346e-06 
2029 4.6449324836571235e-06 
1935 3.837092146091888e-06 
2341 3.679080375757515e-06 
3679 3.9300051492932415e-06 
4696 3.934135389813225e-06 
1797 3.956138656784388e-06 
6623 3.956109646404719e-06 
6251 3.6580013216533775e-06 
9803 3.959266480403711e-06 
3464 3.958819769218973e-06 
4111 3.958703343986157e-06 
7801 3.954376605846187e-06 
9383 2.4453001663928023e-06 
2576 3.659038869960513e-06 
9274 3.958277518518406e-06 
2775 3.95839528183872e-06 
6866 3.915368568148551e-06 
6849 3.94464766120251e-06 
9361 3.9586029055895175e-06 
2091 3.95913881749763e-06 
5863 3.977995667687533e-06 
1577 3.956006487334672e-06 
4743 3.952329601856323e-06 
1483 3.9583893585355e-06 
9730 3.947103358482807e-06 
6585 3.951703707255273e-06 
2693 3.958536155823438e-06 
9612 3.958706251308077e-06 
466 3.958168559659439e-06 
7348 3.9682832045293586e-06 
847 3.954130721276492e-06 
6576 3.958611042178043e-06 
2002 2.075992667174752e-06 
1035 3.958099672938382e-06 
947 3.957806243053014e-06 
8616 3.872438160710426e-06 
3504 3.9585630132595945e-06 
7227 3.968911310173361e-06 
1855 3.956931368921485e-06 
5398 3.9390748054246245e-06 
8352 3.971114434005629e-06 
9479 3.6516209390918494e-06 
1165 4.004777164980399e-06 
8539 3.54331630353588e-06 
198 3.958678594431246e-06 
4082 3.958805865242095e-06 
3867 3.959934778493285e-06 
1574 3.914899052382894e-06 
1657 3.971458136264171e-06 
8507 3.893087065576823e-06 
7807 3.9603644572008946e-06 
1099 4.070252235145465e-06 
7752 3.954674885238116e-06 
8608 3.9677848486089e-06 
6452 3.935044508492822e-06 
6439 3.9118530649676485e-06 
343 3.9367869276319084e-06 
5038 3.907692402403717e-06 
4008 3.945082944227844e-06 
1749 3.958917269651193e-06 
4596 3.8095721522719472e-06 
4459 3.9583058640228665e-06 
7837 3.96258453120171e-06 
2785 4.13119027023019e-06 
112 3.960021798982863e-06 
2458 3.9708842111890365e-06 
4193 3.958321936560457e-06 
7511 3.958474674917863e-06 
5843 3.958977578031566e-06 
5326 3.2639731399506857e-06 
5394 3.958739642688731e-06 
757 3.9546993273036285e-06 
6888 3.7694947377145214e-06 
705 3.956127020728482e-06 
3984 4.022457247251851e-06 
4385 3.869071267076409e-06 
239 3.94206603939544e-06 
6917 3.958545403089482e-06 
7947 3.960355172674021e-06 
9417 3.917974397741614e-06 
5539 3.958853269706232e-06 
3265 4.599908197217207e-06 
2793 3.958038537919344e-06 
6315 3.957621331849189e-06 
478 3.981629305070845e-06 
3931 3.949983961436971e-06 
5417 3.955809437546474e-06 
7910 3.94076545574545e-06 
6605 3.948878224793939e-06 
3606 3.957780382089241e-06 
118 3.972005067887669e-06 
4738 3.957722811437918e-06 
4567 3.801876610593527e-06 
4053 3.700729214975833e-06 
285 4.009633829523822e-06 
7823 3.958576949119628e-06 
8788 3.957938264677146e-06 
6991 3.9598489356625525e-06 
9054 3.9627692287603656e-06 
779 1.8698078754590675e-08 
9244 3.9336025141414455e-06 
2570 3.967171660153257e-06 
1999 3.956902396567717e-06 
4029 3.954490121044315e-06 
9706 3.9580561677924715e-06 
3823 3.916635063275438e-06 
3206 4.282670285353354e-06 
4468 1.436169087706789e-06 
1777 3.96542543005124e-06 
20 4.073557424205369e-06 
5556 3.950615045758212e-06 
3060 3.935852829642065e-06 
623 3.958119299224962e-06 
4363 3.956807751698208e-06 
6540 3.957351452993598e-06 
8394 3.928007753254003e-06 
1085 3.506847437006232e-06 
5332 3.95918914093157e-06 
8510 3.964132879583725e-06 
7168 3.947743036542323e-06 
2394 3.959533246420647e-06 
518 1.6529578585168598e-06 
3235 3.6623040314903003e-06 
5716 3.962407800773117e-06 
5110 3.9594093153465785e-06 
4822 3.961728478787067e-06 
6230 3.924914524136633e-06 
6745 3.989481493768982e-06 
4132 3.9407680821013505e-06 
3812 3.952855042694021e-06 
6270 3.957220660200545e-06 
4759 8.49214471622069e-06 
8851 3.73575988124715e-06 
2613 3.950868423292666e-06 
5549 4.006457771131794e-06 
8502 3.957709845424522e-06 
4710 3.963945664582471e-06 
3768 3.960325804006861e-06 
7418 3.956724802423156e-06 
6530 3.942834078308742e-06 
3983 3.951341062338166e-06 
4538 3.88197318384957e-06 
476 3.940018026570904e-06 
1059 3.33132349818065e-06 
7833 3.966796770464529e-06 
1859 3.958630433260298e-06 
5934 3.910267708639611e-06 
2567 3.9813064312207635e-06 
8781 3.957398958412069e-06 
2686 3.958453885093443e-06 
4093 3.9176049666140955e-06 
419 3.9674610163651734e-06 
2004 3.964393173263603e-06 
2877 3.945339591078018e-06 
2119 3.9559385333817506e-06 
3221 3.958536809163713e-06 
5585 3.4832248176561516e-06 
6323 3.957987714326324e-06 
3480 3.95483426927545e-06 
5642 3.95851187400111e-06 
1415 3.856965334397492e-06 
5010 4.223306211819268e-06 
3417 3.93570863656629e-06 
8645 3.9480028337965495e-06 
7464 3.958366481674992e-06 
3922 3.9461733183728965e-06 
1247 3.958036195421777e-06 
5860 3.958723648821141e-06 
5983 3.8993379955348e-06 
7523 3.930336384533222e-06 
7844 3.954413253878859e-06 
4156 3.914897928748479e-06 
4790 3.3349221963638867e-06 
9033 3.958097098409167e-06 
7216 3.958635714869601e-06 
7245 3.4646099659216285e-06 
2050 3.802470951247273e-06 
2084 3.934062474785129e-06 
4544 3.957062172868335e-06 
3284 3.911343685181464e-06 
6908 3.954551133453888e-06 
6912 3.960446803564521e-06 
1036 3.958383814462534e-06 
4324 3.957565376680511e-06 
8716 3.9265092722735656e-06 
3492 3.94571843242908e-06 
1345 3.952448689947878e-06 
7038 3.9105280788731915e-06 
4842 3.958866953963011e-06 
2774 3.958825884167149e-06 
5765 2.747013079721069e-06 
4521 3.9601862762226185e-06 
5087 3.959599114135872e-06 
6084 3.956051192651332e-06 
8838 3.957045393502014e-06 
4560 3.9517705675661675e-06 
7163 2.6094764530262913e-06 
5379 3.956482999840889e-06 
4988 3.925900986041199e-06 
2518 4.004234446269976e-06 
9986 3.959856955948934e-06 
5858 3.95940440440993e-06 
8521 3.958248802143084e-06 
7282 3.959325697341004e-06 
520 3.9792745405565995e-06 
5517 3.957450833399815e-06 
9859 3.958509523064061e-06 
1845 3.872419135132544e-06 
1282 3.958920144011562e-06 
121 3.5776379525715498e-06 
8666 3.962910854861676e-06 
4010 3.9651519754161665e-06 
1715 3.958512348252284e-06 
3924 3.8890013717158576e-06 
1513 3.960260983009975e-06 
38 3.1692813865343223e-07 
735 3.972228839798399e-06 
4437 3.94940313955296e-06 
7013 3.7615937318870543e-06 
745 3.9640927499555046e-06 
5427 3.951320654260547e-06 
7187 3.958152126696267e-06 
9332 3.9582981902806486e-06 
8187 3.857750546347317e-06 
6932 3.954735735132889e-06 
5650 3.959469899000217e-06 
7170 3.960893553803403e-06 
8845 3.954605503824321e-06 
7721 3.845634078265465e-06 
9717 3.898426595007968e-06 
6743 3.9574304066162275e-06 
4572 3.970230856078148e-06 
2971 3.856502331288821e-06 
3811 3.958063082026689e-06 
2013 3.95539978443836e-06 
8904 3.9586618888837685e-06 
2031 3.991199733530715e-06 
3354 3.947740992793935e-06 
7661 4.046919345495657e-06 
5268 3.946923600660471e-06 
8954 3.953573928457534e-06 
1620 3.927065156741652e-06 
9452 3.966628230533492e-06 
4490 3.952762925411459e-06 
6264 3.958257128071246e-06 
6788 3.957994279178317e-06 
17 3.950986915129507e-06 
6758 3.9562664278999835e-06 
2490 3.951559289192608e-06 
7582 3.968020961346792e-06 
1654 3.960003296092801e-06 
8692 3.959394106441523e-06 
2720 3.958621590718765e-06 
5230 3.961628214806191e-06 
1993 3.955810130518817e-06 
5939 3.9590410726334405e-06 
5610 3.958297046124445e-06 
232 3.957943026719891e-06 
4873 3.955609315099663e-06 
6578 3.9836121668938406e-06 
7546 4.0180403325449595e-06 
3927 3.922370589546299e-06 
6466 3.910769576642736e-06 
7767 3.964302719969154e-06 
9731 3.947093319427217e-06 
5106 3.848610381334397e-06 
3894 3.949784986069854e-06 
5239 3.963532631314417e-06 
2357 3.9585872401967395e-06 
2885 3.957595125913493e-06 
1794 3.9573492056890646e-06 
5970 3.959189358397122e-06 
3429 3.950440207136145e-06 
8152 3.9968755937876065e-06 
3097 3.957901392970016e-06 
874 3.987980980899832e-06 
4075 3.954594872092552e-06 
7698 3.95462594360494e-06 
3368 3.940466903229102e-06 
9124 3.955956018698946e-06 
2679 3.956009595540504e-06 
9160 3.959294716622355e-06 
50 3.858083261712795e-06 
1648 3.9589280921477845e-06 
6751 3.964691529178947e-06 
3852 3.96418466229471e-06 
7317 3.8899507706820826e-06 
3907 3.941903083843501e-06 
6181 3.958613214641654e-06 
4472 4.199598967644057e-06 
1730 3.9489859664138755e-06 
6778 3.9538889300303134e-06 
3902 3.95875463608724e-06 
3028 3.952397932089065e-06 
5766 3.95503514651764e-06 
773 3.9518529290924325e-06 
324 3.959783618967379e-06 
1835 3.3203872069982635e-06 
3678 3.956916574238523e-06 
8082 3.956556875544591e-06 
6774 3.96189170911092e-06 
1635 6.233473549067347e-06 
4157 3.933461118296889e-06 
7800 3.948413329125594e-06 
6562 3.960758502868104e-06 
5580 3.944559406924642e-06 
3237 3.958456957047705e-06 
8977 3.912105080471968e-06 
183 3.960767321086212e-06 
2691 3.9463585012783945e-06 
3549 3.951328584169812e-06 
1262 2.356367655920404e-06 
8000 3.955277348046307e-06 
6773 4.003268660438622e-06 
2402 3.958781107123633e-06 
7121 3.9719182691236746e-06 
6068 3.9802366947339125e-06 
6652 3.897897773882318e-06 
3195 3.9584311783431156e-06 
2063 3.879444509224474e-06 
5497 3.958443346448684e-06 
6966 3.949783954000793e-06 
7065 3.959422203598298e-06 
5424 3.976942150007876e-06 
7177 3.947638973213988e-06 
6868 3.951070476967324e-06 
3212 3.939348078120159e-06 
6324 4.024366291577874e-06 
9871 3.957929955881041e-06 
3801 3.8026987426984277e-06 
5181 3.7996479894111336e-06 
8499 3.960527664299033e-06 
1974 3.907108872127413e-06 
36 3.9543934193977215e-06 
6237 4.041794463132841e-06 
2153 3.965874563583999e-06 
4946 3.9513829425740835e-06 
446 3.829648368459125e-06 
6319 3.9580760695098314e-06 
468 4.040357764995622e-06 
515 3.9966162698757825e-06 
4455 3.958921080850124e-06 
6082 3.954073327535368e-06 
7824 3.94905078723199e-06 
5050 3.956095872649974e-06 
6641 3.961335391739812e-06 
4626 3.898654740457232e-06 
2309 2.666711445345655e-06 
9342 3.84719373903018e-06 
4600 3.9495533311672e-06 
1479 3.9451201761252966e-06 
4707 3.957514080214801e-06 
7974 3.956779892466715e-06 
6240 3.6368390471066875e-06 
9061 3.958374595958921e-06 
6597 4.071766300663859e-06 
7126 3.945524088410326e-06 
91 3.944520285845506e-06 
5770 2.1259129561691883e-06 
5950 3.906385175124263e-06 
6368 3.951872680109074e-06 
2772 3.920099003045558e-06 
360 3.7105476948100454e-06 
3574 3.959015221452473e-06 
8750 3.956245191794459e-06 
7656 3.959176381382395e-06 
9906 3.7581325478503767e-06 
1537 3.949787630974806e-06 
8281 3.953499358342921e-06 
1611 3.959818299940469e-06 
798 3.885577777723653e-06 
7261 3.958491234872513e-06 
1046 4.0997763467408e-06 
5484 3.945371959118832e-06 
8853 3.957622258521487e-06 
3152 3.5865454229679195e-06 
4646 3.958294506390684e-06 
6961 3.554015771773003e-06 
8124 3.957641309329995e-06 
1876 3.9506361530242515e-06 
5557 8.708736671895138e-06 
8409 3.959628498248605e-06 
9495 3.9557696724858534e-06 
7196 3.95895966988934e-06 
2922 3.959166571758463e-06 
396 3.958642218438554e-06 
4586 3.1162359138675075e-06 
9407 2.41955396863578e-07 
5190 3.9570325233043016e-06 
1761 3.957615210023421e-06 
8076 3.958611912551101e-06 
3918 3.799183215005032e-06 
9335 3.90295268644653e-06 
6975 3.95848577834616e-06 
7746 3.975816926534903e-06 
6644 3.952371336735818e-06 
4925 3.966613836589575e-06 
5520 3.898184144378807e-06 
9701 3.9581113046172505e-06 
5819 3.954200807769959e-06 
3223 3.771811306821965e-06 
4987 3.961322393417119e-06 
2806 3.945821866540618e-06 
2300 3.956686385102687e-06 
6919 3.963380545031399e-06 
7959 3.88895857287544e-06 
8015 3.9575620212978475e-06 
2418 3.963357504432261e-06 
1334 3.958306930347495e-06 
3469 3.9572034188627246e-06 
436 3.957024187649037e-06 
7194 3.959478400161925e-06 
1344 3.915361890516464e-06 
2860 3.776380488218894e-06 
505 3.5371949908340857e-06 
5772 3.958657399484802e-06 
9991 3.963041421028553e-06 
1264 3.951091001946941e-06 
6516 3.959099999134987e-06 
7685 3.958787455949274e-06 
9881 3.960251438209799e-06 
4004 3.852307824300137e-06 
385 3.958227755337789e-06 
987 3.957366447901234e-06 
9164 3.964975633109549e-06 
9072 3.980884238619224e-06 
8701 3.957572450217649e-06 
3565 3.9579656495736084e-06 
5297 3.959068555101693e-06 
2445 3.964206652798854e-06 
7433 3.959065588852043e-06 
3747 3.723789828039355e-06 
5400 3.960092460090945e-06 
5065 3.958885787378149e-06 
5244 3.968959673737132e-06 
6102 3.961912751007501e-06 
2249 3.946073907922731e-06 
8058 3.956688227264235e-06 
863 3.96897570356182e-06 
3588 3.9733265760512484e-06 
8386 3.963600704838078e-06 
6805 4.200635957257509e-06 
216 3.955414359984927e-06 
3209 3.958765406940651e-06 
912 4.0132978024796295e-06 
6631 3.960723352608477e-06 
9291 3.958637152280098e-06 
7608 3.958165425158482e-06 
3147 3.958521180628467e-06 
4454 3.95938370585209e-06 
6719 3.975185981276387e-06 
3388 3.969854390588368e-06 
5290 3.95801830615243e-06 
7205 3.909708860473836e-06 
6900 3.919335227216265e-06 
8135 3.96037741569997e-06 
4881 3.955424620255769e-06 
4830 3.9546977508619705e-06 
1146 3.96851798529964e-06 
6186 3.9560601061368695e-06 
6120 2.950111067307261e-06 
3135 3.957954469230842e-06 
7483 3.960344178549941e-06 
2556 3.954834522227646e-06 
927 3.969901923124647e-06 
4663 3.8929141210499964e-06 
8355 3.958287010280569e-06 
4938 3.1352083545761638e-06 
6040 3.819734917617756e-06 
9412 3.958601600899291e-06 
3185 3.955236400441217e-06 
8280 3.961913306838252e-06 
3914 3.9658121999401686e-06 
162 3.958047014333796e-06 
6566 3.95383481939531e-06 
7776 3.951824208353787e-06 
2230 3.964724498758439e-06 
2493 3.955263022736156e-06 
8519 3.998287088600439e-06 
1442 3.959563368161251e-06 
9773 3.934856195193844e-06 
418 3.958639990132142e-06 
4751 3.959712402373585e-06 
764 3.976504936461253e-06 
2912 4.064551379258861e-06 
9558 3.956087126328616e-06 
6442 3.953098248920801e-06 
1818 3.958801412598653e-06 
6627 3.943043970328357e-06 
9060 2.9615477342998425e-06 
9249 3.9583776004657344e-06 
9616 3.964446891989901e-06 
1490 3.959628731659226e-06 
9750 3.956662605876745e-06 
9997 3.8883824977433775e-06 
9525 3.962033442140295e-06 
1485 3.952900414470669e-06 
8106 3.95841359646753e-06 
2515 3.815061728820604e-06 
210 3.951019049716232e-06 
3484 3.957607037076552e-06 
5155 3.941724600206917e-06 
2199 3.955314654542705e-06 
6046 3.95790230446659e-06 
4497 3.966933047681638e-06 
6183 3.956692101069984e-06 
2835 3.955925071432361e-06 
7954 3.9591036959209165e-06 
6994 3.9582717953007815e-06 
1149 3.969508532253518e-06 
2279 4.0604743675458376e-06 
245 3.9371540226625446e-06 
959 3.920586624962665e-06 
2239 3.957413780708503e-06 
8010 3.9560937121700395e-06 
5900 3.957647051631308e-06 
4817 3.966156771626185e-06 
1049 4.514542736532839e-06 
2532 3.94374891123538e-06 
3718 3.95819566163595e-06 
3306 3.956463114587973e-06 
7825 3.957634018329737e-06 
2388 2.555435736279554e-06 
8221 3.964899864147836e-06 
9130 3.956525930891546e-06 
6599 3.9470435830501705e-06 
9567 3.949937606176218e-06 
3194 3.958552823232233e-06 
712 3.95716673902912e-06 
7593 3.7603075798043885e-06 
574 3.9488323877904055e-06 
6031 3.955735388602846e-06 
6166 3.958518460019132e-06 
5445 3.9593765332084845e-06 
5194 3.992646603021844e-06 
8791 4.0786584931502e-06 
8993 2.2164465859337e-06 
7498 3.961546902748284e-06 
6399 3.958469621159563e-06 
1401 3.948501499802558e-06 
6765 3.9590392202681e-06 
4146 3.947309162812335e-06 
3863 3.95845050048036e-06 
6673 3.939340857834895e-06 
6855 3.958367143355284e-06 
5870 3.957890716249019e-06 
9001 3.956187697200547e-06 
1565 3.954424186577151e-06 
3131 3.958630731836051e-06 
9707 3.957714338977313e-06 
9104 3.877476671590072e-06 
3757 3.9655934128086615e-06 
5775 3.958533319987837e-06 
5638 3.956022200704928e-06 
8387 3.744607620282244e-06 
488 3.909775112048424e-06 
1471 3.958538611365592e-06 
1919 3.938859368519763e-06 
2323 3.956614838383079e-06 
4257 3.956255774939185e-06 
242 3.958588036771707e-06 
58 3.9871563284570426e-06 
5935 3.961386205170873e-06 
4250 3.955056523016628e-06 
4552 3.965658379333113e-06 
2208 3.990116028873421e-06 
7086 3.9568433119351464e-06 
6184 3.944002876234605e-06 
5316 3.9588347915498775e-06 
9949 3.956847158192818e-06 
2164 3.5963389264140997e-06 
1737 3.952650714935311e-06 
5732 3.959215660893875e-06 
8209 3.958036954605678e-06 
8296 3.952210058024132e-06 
322 3.9574268696049945e-06 
5202 3.971219065296856e-06 
933 3.958647175926061e-06 
6851 3.950451535615835e-06 
8104 3.958312301899329e-06 
2261 3.968251161098418e-06 
6069 3.9558398610432274e-06 
2027 4.2337564603205055e-06 
7651 5.46140978310852e-06 
9639 3.929946729037903e-06 
8743 3.2061801710293764e-06 
7535 3.818601557488248e-06 
159 3.953298167964097e-06 
9117 3.973205145797081e-06 
7643 3.959535695545799e-06 
9179 3.958660669172465e-06 
9035 3.923511446180932e-06 
6174 3.9577905008732845e-06 
3064 3.958973595102479e-06 
1732 3.9595244815918695e-06 
2777 3.9427597086878845e-06 
5678 3.9524360935416445e-06 
8456 3.957785452406912e-06 
1977 3.935386685500497e-06 
1943 3.85947895814543e-06 
8059 4.548283969192664e-06 
6970 3.9295059570031795e-06 
4210 3.958364202902566e-06 
5794 3.958004338836745e-06 
7299 3.958454095593869e-06 
2103 3.955611616257816e-06 
5513 3.958407858061359e-06 
2448 3.960469634243492e-06 
6707 3.959256980628267e-06 
1659 3.958752990497743e-06 
5460 3.950411862680084e-06 
2367 3.2448168968220185e-06 
8551 3.957500664302128e-06 
7901 3.987841444994058e-06 
9442 3.9891366919361415e-06 
2604 3.7187407464937836e-06 
9513 3.958883407186996e-06 
4058 3.94728295179902e-06 
152 3.936141796532219e-06 
6288 3.9608118450291345e-06 
1854 3.9879541462936435e-06 
6115 3.957633201753933e-06 
9410 3.939418459722012e-06 
5743 3.959362430325678e-06 
641 3.987088172187555e-06 
325 3.958458933580608e-06 
586 3.958389777702464e-06 
4028 4.557985841202049e-06 
2184 3.870122367906331e-06 
356 3.8027959229994024e-06 
7346 3.958487449435259e-06 
7001 3.961803225110321e-06 
2410 3.958163387874974e-06 
4568 3.9587102769283815e-06 
9852 3.958660884441213e-06 
5381 3.9689668737649775e-06 
2934 3.902810048113187e-06 
5180 3.960847836215654e-06 
6647 9.395224281422289e-06 
7838 3.958120368650319e-06 
9482 3.96759726890203e-06 
3868 3.957456549506184e-06 
6421 3.957502753171251e-06 
2378 3.9441949936401555e-06 
9623 3.91730467225671e-06 
7456 3.953399677097308e-06 
2271 3.9585450014750326e-06 
9622 3.9568798548303635e-06 
1289 3.958756434496207e-06 
5200 3.965611100953895e-06 
1578 3.896885550008721e-06 
2276 3.956587151941127e-06 
8648 3.95838739408484e-06 
7572 3.999295718793258e-06 
6151 3.960145948474701e-06 
9737 3.951445374311727e-06 
9529 3.831183235745437e-06 
2616 3.5470032777862473e-06 
950 3.959731852338433e-06 
904 3.961169406458835e-06 
9070 3.778854277848597e-06 
5336 3.959969201143093e-06 
6373 3.956045762971608e-06 
2233 3.953608153670873e-06 
3779 3.963688518995168e-06 
1435 3.957540397284233e-06 
1154 4.99729259972487e-06 
379 3.935647434842106e-06 
3333 3.984616425146761e-06 
9626 3.9520228458780015e-06 
3685 3.959987422271217e-06 
3539 3.9231189252388825e-06 
8354 3.957219844363188e-06 
3732 3.969634830537663e-06 
4746 4.245277033417941e-06 
6870 1.2400376032467527e-06 
1021 3.958341458854875e-06 
4906 3.957670550431798e-06 
9967 2.674929345097118e-06 
8247 3.9593744351682625e-06 
9631 3.951654117029402e-06 
644 3.9594203321315665e-06 
1629 3.95831793852254e-06 
3411 3.1812552129200244e-06 
689 3.9511778124928325e-06 
8498 4.1443934502829855e-06 
5396 3.9610557517975046e-06 
4465 3.960197553929171e-06 
7814 3.953288105740153e-06 
6338 3.961043031005508e-06 
2187 3.9634435244772725e-06 
130 3.955977020060372e-06 
3986 3.985220696350806e-06 
2820 3.958552563032184e-06 
1752 3.921806948554346e-06 
6059 3.9521790254420806e-06 
7131 3.95938896349442e-06 
1330 3.949165445514165e-06 
3142 3.958762329428907e-06 
5001 3.958412615919842e-06 
5990 3.957484974289436e-06 
338 3.958558392986868e-06 
9215 3.946972128541762e-06 
7624 3.958153927337322e-06 
5054 3.9349540594175634e-06 
1291 3.950123798742167e-06 
7524 3.786809628644582e-06 
1505 3.957204138417475e-06 
108 3.954442368481937e-06 
2113 3.983607520890221e-06 
182 3.948320730898464e-06 
7468 6.664422542988246e-06 
6453 3.958467796273876e-06 
7043 3.958546332675134e-06 
9857 3.652806998967161e-06 
7165 3.895109445979656e-06 
344 3.957197040248875e-06 
2024 3.95732314777694e-06 
2733 3.958155607192831e-06 
2708 3.9590275062297485e-06 
8034 3.958324658292359e-06 
4259 3.959161322034536e-06 
8052 3.964463749490559e-06 
9113 3.956886742400686e-06 
7993 3.9452319936050766e-06 
3434 3.96121169684051e-06 
7199 3.960754595547512e-06 
829 3.972507337973812e-06 
6982 3.953783098603121e-06 
5091 3.967459790903333e-06 
9400 3.957060877073248e-06 
7161 3.956918099619458e-06 
2547 3.957946601753059e-06 
931 3.9547777760170775e-06 
8307 3.945088397522209e-06 
102 3.9548709585566395e-06 
5236 3.9588034827025035e-06 
3578 3.957349952304999e-06 
5971 3.997425125644279e-06 
3042 3.957330486561998e-06 
8273 3.9688291719047126e-06 
4554 3.990844638692818e-06 
3302 3.894356924425831e-06 
7773 3.957866979429728e-06 
5347 3.950334719027884e-06 
4698 4.009328880667663e-06 
4793 3.9383114091265216e-06 
8966 3.958116686106085e-06 
1526 3.955661264493969e-06 
5289 3.9659386042848685e-06 
4288 3.9546824476901175e-06 
910 3.95658643749608e-06 
266 3.959059401157917e-06 
2142 3.888178537765626e-06 
4656 3.916250105117878e-06 
9498 3.3197195769203344e-06 
2789 3.953442223588773e-06 
9002 3.890272161189598e-06 
3601 3.375508232072453e-06 
797 3.916100507038539e-06 
7570 3.310756673327613e-06 
3966 3.95762181342262e-06 
9603 3.908787232235387e-06 
2129 3.957713897593163e-06 
3391 3.8384122213274745e-06 
71 3.805796785551401e-06 
4340 3.958259154094575e-06 
1965 3.941321826140013e-06 
707 3.9572306555873165e-06 
2761 3.98574064719394e-06 
9337 3.953082025782347e-06 
3619 3.972642602565315e-06 
1823 3.959026169685805e-06 
8619 3.961790056583684e-06 
8929 3.843956995379254e-06 
9662 3.958593221751807e-06 
2861 3.958677249449366e-06 
3107 3.960653014800122e-06 
6740 3.9586184748187425e-06 
2318 4.027112337294666e-06 
6448 3.95916388087895e-06 
2324 3.96112523728722e-06 
6708 3.958731807526094e-06 
4427 3.931087438213081e-06 
306 3.950896220877857e-06 
1908 3.955859031154204e-06 
1210 3.945557832417894e-06 
6878 2.4103118422632333e-06 
1879 3.741565272818099e-06 
1183 4.022858573309125e-06 
3189 3.954627009069543e-06 
2045 3.958083645458324e-06 
7035 3.98203988645599e-06 
6880 2.774348805839537e-06 
9666 3.953116535899477e-06 
9817 4.011971377876206e-06 
678 1.382271742635631e-07 
1531 3.944379121787737e-06 
3680 3.907857044279722e-06 
7363 3.950889665423797e-06 
632 3.956743135254025e-06 
1425 3.956835280936133e-06 
2247 3.959599071088909e-06 
7945 3.373220959157586e-06 
6841 3.957549233731607e-06 
7309 3.958056454220919e-06 
1081 3.926228061766001e-06 
7075 3.7861973091243145e-06 
7241 3.947701954560211e-06 
3531 3.954542264362454e-06 
5895 3.9604584298135534e-06 
9583 3.859648607588709e-06 
8822 3.951006290991946e-06 
886 3.95539528965213e-06 
3238 3.966281848563125e-06 
8880 3.735325307842833e-06 
2308 3.957559408871971e-06 
4469 3.956293207982965e-06 
5443 3.891311371547088e-06 
1979 3.912630473173699e-06 
849 3.958537076130022e-06 
7439 3.9696314920585354e-06 
248 3.956701098268893e-06 
5179 3.957120184963673e-06 
9438 3.953469735371984e-06 
7144 3.956080537268106e-06 
1933 3.949913841325432e-06 
716 3.959204738242339e-06 
3810 3.951994844857571e-06 
8826 3.959599822012299e-06 
4205 3.952615418693374e-06 
9472 3.956795355786757e-06 
226 3.9454911431738555e-06 
2085 4.012217980929427e-06 
9689 3.957087269985066e-06 
9734 2.565407088823698e-06 
2548 3.833210820230241e-06 
5173 2.1504259752738795e-05 
4009 3.935207830471566e-06 
3379 3.9587476694221925e-06 
9505 3.964741891142747e-06 
6867 3.1439964932061756e-06 
8431 3.959690690745598e-06 
5359 3.9585049986250815e-06 
3521 3.959506364226226e-06 
4059 3.934025967240848e-06 
7808 3.924641757508169e-06 
3726 3.944508834521227e-06 
3849 4.089055176564399e-06 
7600 3.961202598223147e-06 
7783 3.961126023861317e-06 
6343 3.878128911853385e-06 
6352 3.9593657162926764e-06 
4108 3.956426732127277e-06 
4336 3.958772529581197e-06 
5756 3.979281305898735e-06 
3441 3.950226259603308e-06 
6885 3.948815649490144e-06 
3851 3.94243938209325e-06 
5465 3.949991143163866e-06 
4951 3.95809789343531e-06 
43 3.9592312555797954e-06 
3904 3.957213247310874e-06 
1307 3.943989471311619e-06 
570 7.66815737333807e-07 
9360 3.2029915685039113e-06 
409 3.95849356716405e-06 
7184 4.298195537239911e-06 
600 3.949128810274496e-06 
8514 3.947781611986951e-06 
2457 3.955201831745068e-06 
759 3.9582475880453644e-06 
4316 3.881137712586982e-06 
3365 4.041897590108981e-06 
839 3.955753942436805e-06 
2674 5.5140875896838e-06 
9672 3.1138781577141252e-06 
3915 3.958789979203444e-06 
4354 3.958677052325683e-06 
7664 3.959667778670714e-06 
6445 3.958208270643274e-06 
6490 3.95590451638142e-06 
1786 3.938337022036408e-06 
7092 3.957810153192134e-06 
2682 3.955731203859651e-06 
8926 3.9577398690386195e-06 
56 3.959519896387818e-06 
8265 3.9674412299246295e-06 
4216 3.958356048759323e-06 
795 3.959475055089676e-06 
8019 3.5183112720046918e-06 
1874 3.95830219074769e-06 
3020 3.946920507483448e-06 
3036 4.033784138920261e-06 
2110 3.958870932276374e-06 
673 3.980287333972165e-06 
7813 3.960839608569547e-06 
8918 3.957821360030241e-06 
6009 3.9218966134690665e-06 
1594 3.959160386450764e-06 
8192 3.810553189231113e-06 
8535 3.9539389735879215e-06 
9963 3.902838247607421e-06 
3878 3.9614032156117376e-06 
2017 3.755190600859167e-06 
6465 3.958724705083639e-06 
1378 3.87717356971909e-06 
352 3.957468993623069e-06 
6387 3.95885632134663e-06 
3027 3.95334548177925e-06 
9669 1.0150687566929979e-05 
6163 3.958718186914621e-06 
1960 3.95985908745334e-06 
548 3.937616368557509e-06 
8580 5.427857205767868e-06 
3828 3.728165125040494e-06 
4380 3.95581437168179e-06 
7614 3.957210270606493e-06 
4289 3.958372012682627e-06 
7030 3.951304008060066e-06 
6159 3.957335692725108e-06 
5805 3.957310306677438e-06 
5572 3.958124856535223e-06 
9992 3.935840845278881e-06 
3905 3.940101387280436e-06 
974 3.9175175242546586e-06 
187 3.912782072904986e-06 
3457 3.9576684390478444e-06 
2723 3.955305423623735e-06 
129 3.9568800282858805e-06 
4967 3.7324582240514872e-06 
939 3.917151640235023e-06 
9385 3.989543844183716e-06 
7872 3.958923108537766e-06 
3971 3.878044584248799e-06 
9203 3.904740975527986e-06 
8242 3.955141439480624e-06 
1699 3.958509126835285e-06 
8383 3.888523749908007e-06 
7679 3.67604220796118e-06 
15 3.9582216438711e-06 
4595 3.949255108572435e-06 
1478 3.1814564944079572e-06 
3315 3.914328941038529e-06 
5964 3.968175877571189e-06 
5817 3.958685896772117e-06 
4862 3.91536084181494e-06 
378 3.957572455486796e-06 
1838 3.953279472213939e-06 
1582 3.778070613885791e-06 
8196 3.94316467018972e-06 
9947 3.959403659244589e-06 
1852 3.958692424697547e-06 
1004 3.941793962814807e-06 
4249 3.963951061497168e-06 
2009 3.953880125332457e-06 
2727 3.934738971974921e-06 
6883 8.187927072694858e-06 
7364 3.87180488929918e-06 
4335 3.958778401164731e-06 
7157 3.956776255839573e-06 
3535 3.955018045342363e-06 
1968 3.899812212402737e-06 
1389 5.9607517080493095e-06 
6989 4.066395435521182e-06 
7313 3.948575851211842e-06 
9090 3.960798789968153e-06 
5292 3.9581738577806535e-06 
6651 3.958844907302552e-06 
483 3.899099663364337e-06 
2628 6.424821766210799e-06 
1339 3.959978659562938e-06 
1244 3.947411077815132e-06 
3639 3.958914329434587e-06 
7382 4.324881751559817e-06 
4655 3.814706510765332e-06 
7237 4.026252959348534e-06 
3633 3.956869055571405e-06 
9381 3.9585818071099265e-06 
4613 3.953315954978261e-06 
7095 3.6019636933335293e-06 
6142 3.94964942347875e-06 
8566 3.959334491479879e-06 
5153 3.942445781109209e-06 
1409 3.958498136278927e-06 
6633 3.955586981699114e-06 
7590 3.956099401151576e-06 
5378 3.957942764123005e-06 
9592 3.958765135945133e-06 
5994 4.006243374497696e-06 
6227 3.9384673680890425e-06 
8005 3.952450995149998e-06 
2974 3.954406770712122e-06 
3743 3.960939743571155e-06 
7688 3.958644257289092e-06 
2836 3.959151586760255e-06 
4168 3.9495003251412185e-06 
1222 3.956419843590187e-06 
5944 3.946542174245397e-06 
2970 3.952164909185751e-06 
6668 3.934531554333419e-06 
3885 3.915035202548375e-06 
1903 3.609439570754825e-06 
1570 4.005615913830215e-06 
6486 3.9830932448674105e-06 
3774 3.9652659200200645e-06 
4275 4.008461750037657e-06 
8593 3.976130060613123e-06 
9468 3.95962056375184e-06 
188 3.9552438126245106e-06 
8248 4.007629748400022e-06 
401 3.959678985849742e-06 
5428 3.898862813358642e-06 
5839 3.955445021049752e-06 
2451 3.9478321104624626e-06 
5958 3.963963820893914e-06 
9013 3.958939450093829e-06 
207 3.965479455420115e-06 
2742 3.958379470401284e-06 
4686 3.957189439492928e-06 
2956 4.021688874562946e-06 
5385 3.956245018141917e-06 
8227 3.9591433670414735e-06 
3017 3.952491937751592e-06 
9496 3.959724678998157e-06 
7516 3.948350307131237e-06 
1579 3.957919759879219e-06 
4719 3.8631184905442215e-06 
4859 3.954262815845687e-06 
7717 3.957674290972453e-06 
8344 3.95836283635875e-06 
4125 3.954753868022105e-06 
9765 3.954533511546245e-06 
3579 3.9590512280609055e-06 
4796 3.955804186656022e-06 
9343 3.947241287898884e-06 
4338 3.956063584798374e-06 
3268 3.9457041183042365e-06 
5148 3.958380613367016e-06 
1945 3.958503298350849e-06 
369 3.82174559747528e-06 
6139 3.956475483698687e-06 
8267 3.876529983222019e-06 
9550 3.9588208841404e-06 
372 3.957176731078005e-06 
9645 3.958724440709783e-06 
4747 3.95865761296495e-06 
9572 2.523713803875917e-06 
9713 3.960402687074156e-06 
6649 3.865939997206617e-06 
4813 3.958566374423582e-06 
5280 3.9782854143891866e-06 
5525 3.9583121680233095e-06 
2902 3.940408520568276e-06 
473 3.927323415542714e-06 
5113 3.949261231399842e-06 
219 3.956737224657566e-06 
5799 3.907457128836086e-06 
1587 3.97515371613617e-06 
1011 3.960099407662188e-06 
3886 3.95644915932192e-06 
3807 3.9586966209377586e-06 
5048 3.958689387582395e-06 
2510 3.9566787499150646e-06 
1245 3.952910371472616e-06 
5954 3.890123558394903e-06 
6420 3.920513116258257e-06 
489 3.961027884262296e-06 
279 1.4056139474518366e-06 
2871 3.950091187068537e-06 
1942 3.959123713342156e-06 
6471 3.946562190066926e-06 
2480 3.957897050019836e-06 
9818 3.9514069525788985e-06 
2859 3.957120720414748e-06 
1086 3.969772602557029e-06 
8686 3.9586328989291555e-06 
2973 3.962295054614061e-06 
1215 3.953447640287677e-06 
5370 3.958324794922293e-06 
119 3.967215953290173e-06 
3483 3.957435890684738e-06 
3370 3.960823723025389e-06 
2214 3.9610235471787e-06 
4263 3.958764668177723e-06 
5319 3.955672279772993e-06 
5680 3.6516421520700275e-06 
1475 3.9584324879333014e-06 
827 3.967992986012506e-06 
8440 3.976038969634845e-06 
4473 3.961536049971919e-06 
8530 3.959095159166112e-06 
1595 3.999598164523536e-06 
4536 3.786927689673058e-06 
4140 3.931143291102886e-06 
9487 3.951664728804443e-06 
1798 3.3344636174844466e-06 
8732 3.968567443112296e-06 
7190 3.945966719369302e-06 
2873 8.348750885579987e-08 
4271 3.977663536912762e-06 
7149 4.039598333482939e-06 
8425 3.999999610121125e-06 
6075 3.900819199775396e-06 
616 3.912952751603516e-06 
6804 4.03466488798104e-06 
6346 3.9353356812546295e-06 
2366 3.934213699614063e-06 
8579 3.880557133768378e-06 
8651 1.1235187013329656e-05 
6889 3.868967739834418e-06 
3651 3.315415011614979e-06 
7248 3.952985746055891e-06 
5006 3.9260712544136135e-06 
3624 3.957239012374541e-06 
3686 3.959258568384587e-06 
6925 3.1353401713723332e-06 
1167 3.950444044745723e-06 
6006 3.955915403527631e-06 
9825 3.8400309927909435e-06 
7136 3.957090597821818e-06 
1881 3.95623424523775e-06 
9379 3.964971314633347e-06 
9260 3.956006381826072e-06 
4486 3.955074434407865e-06 
3414 3.9788227341548414e-06 
5590 3.958221596380092e-06 
999 3.958436916414958e-06 
3736 3.958487653693757e-06 
9450 2.9828795007767305e-06 
1789 3.94307434826637e-06 
4070 3.958842334424328e-06 
4520 4.004024603581963e-06 
7390 3.908056326631219e-06 
5408 3.983364588234149e-06 
9167 3.959049778859898e-06 
3791 9.137858399736191e-07 
3250 3.958577551358473e-06 
9250 3.957858629758942e-06 
9937 3.957291199587956e-06 
2600 3.941372738426707e-06 
6048 1.843886289662887e-06 
7224 1.6227904979929874e-06 
4329 3.956837605292834e-06 
3493 3.9566828088372845e-06 
640 3.9343810890162015e-06 
7175 3.95687135296531e-06 
69 3.940134045251508e-06 
6829 3.949305911719214e-06 
3683 3.889561305615813e-06 
2663 3.947656971293101e-06 
4643 3.958038363530169e-06 
2167 3.956738862304279e-06 
4733 3.954076185592062e-06 
6952 3.959188037813449e-06 
1060 3.95787062180355e-06 
4431 3.958742776490969e-06 
8879 3.95618804956011e-06 
8217 3.948940945422267e-06 
8736 3.962727078790564e-06 
26 3.959898652363722e-06 
557 3.939862232888626e-06 
5085 3.9583963871667806e-06 
7307 3.9573062687211635e-06 
4683 3.957940514028269e-06 
5105 3.965455584748305e-06 
9726 3.958006740117189e-06 
9874 3.642150497361087e-06 
6274 3.958981626915694e-06 
4264 3.9565119324369816e-06 
852 3.958448301647993e-06 
2399 3.942793218549463e-06 
5367 3.95623601512684e-06 
4274 3.6475724894844216e-06 
7394 3.957987901058857e-06 
7964 4.752861440484536e-06 
9634 3.958675886860775e-06 
7300 3.7173950653149734e-06 
2746 3.961110321017137e-06 
2178 3.935566748336675e-06 
4224 3.957490178012895e-06 
3397 3.948127473631644e-06 
1763 3.957590898641239e-06 
656 3.951509497311992e-06 
4659 3.95714576463828e-06 
7537 3.962039588137643e-06 
4464 3.951277382164029e-06 
7642 3.958368266220833e-06 
5005 3.959141306852716e-06 
2969 3.918577969812524e-06 
9304 3.959200897723846e-06 
1213 3.959757904759483e-06 
1929 3.958759656601216e-06 
2353 3.957463288866889e-06 
9155 9.158091190268055e-06 
9151 3.959773927921044e-06 
5262 3.958850557806506e-06 
846 3.941695224064e-06 
3487 3.1303213126716566e-06 
5845 3.960701925531742e-06 
2892 3.945205552683615e-06 
5286 3.957898627806616e-06 
6025 3.9583308417766846e-06 
5946 3.952751935245641e-06 
5008 3.9561882109565955e-06 
3506 3.7664067786974476e-06 
7659 3.95884942288792e-06 
5566 3.964663415558073e-06 
3015 3.948803944077627e-06 
5898 3.953899364668556e-06 
3091 3.957862027064785e-06 
7434 3.960737206337317e-06 
8807 3.951463299778438e-06 
703 5.676795437894588e-06 
4072 3.949526691381663e-06 
1426 3.954291530629967e-06 
4806 3.956968662872197e-06 
8850 3.945434650023367e-06 
4853 3.8856756904600715e-06 
2411 3.956986384843244e-06 
6192 4.09425883073484e-06 
1369 3.9554109290670075e-06 
7816 3.9673331646999784e-06 
5036 2.994721975751007e-06 
7568 3.927617716118946e-06 
6510 3.9583178309232985e-06 
1738 3.9580883179118845e-06 
5011 4.018927999085802e-06 
7719 4.318944439703201e-06 
4585 3.969395250734435e-06 
3731 3.961822677175582e-06 
1995 3.940089565863654e-06 
5023 3.963995940837612e-06 
3366 3.961437186892797e-06 
5691 3.9435194292302825e-06 
9617 3.964354997268055e-06 
9397 3.9588554750030416e-06 
3473 3.960308500742691e-06 
374 3.95724735115782e-06 
7730 3.945035279358607e-06 
3608 3.9567037267791415e-06 
3781 3.9368174328385735e-06 
6591 3.9572614070294866e-06 
145 3.959111307138092e-06 
2829 3.966647443947881e-06 
4083 3.960838509746975e-06 
1294 3.9569705382169785e-06 
6890 3.957832446385032e-06 
2044 3.9515774522001085e-06 
2190 3.960670001978123e-06 
1232 3.958358707454423e-06 
6506 4.051497754161481e-06 
3800 3.987998093390305e-06 
5357 3.958981847014264e-06 
1084 4.111805507760161e-06 
1825 3.9580542519485384e-06 
6285 3.958222306836924e-06 
4681 3.956619961473405e-06 
89 3.94981536065556e-06 
357 3.693215383361545e-06 
8072 3.914383421204428e-06 
6511 3.959157953474347e-06 
4357 3.8555829702537624e-06 
2653 3.958941871395061e-06 
5277 3.954632461200202e-06 
9349 3.956086890496586e-06 
5399 3.957723185567332e-06 
760 3.956349280720162e-06 
3584 3.926163307007023e-06 
6553 3.7779677479430595e-06 
9909 3.95377022890363e-06 
9248 3.7896977785410653e-06 
9206 3.960536153435042e-06 
8170 3.9605607011507425e-06 
7554 3.953792644630014e-06 
5003 3.950038904958258e-06 
8259 3.958500422274182e-06 
1403 3.952405690264251e-06 
9173 3.9594229566591996e-06 
576 3.9578552376139295e-06 
9425 3.9580384154941744e-06 
5821 3.970853399320526e-06 
1957 3.957971202880172e-06 
1529 3.957414417814083e-06 
4480 3.952521364618538e-06 
8813 3.9505712449302635e-06 
2619 3.958693351062909e-06 
5894 3.958517696469429e-06 
9174 3.958519435404812e-06 
5058 3.958881736121517e-06 
9053 3.956934638324496e-06 
826 3.958578818200674e-06 
4863 3.960615817250785e-06 
9764 3.957907207359711e-06 
9378 3.779105232233054e-06 
6787 3.958036641687046e-06 
8347 3.897634438022631e-06 
2417 4.002992020193139e-06 
4635 3.956366738718586e-06 
6347 3.95922296175016e-06 
8981 3.944870078639981e-06 
2804 3.957399411102065e-06 
6188 4.0860221022379e-06 
3870 3.95044214683911e-06 
3833 3.958391594620402e-06 
2738 3.7449566702784493e-06 
7655 3.959364360045357e-06 
4144 3.9599785863669154e-06 
719 3.480182660942969e-06 
3600 3.956445827660559e-06 
5067 3.9556403384019615e-06 
7219 3.959861527128792e-06 
6694 3.9617088674376295e-06 
5996 3.957643618706656e-06 
3989 3.9556169523615615e-06 
4412 3.955095386382804e-06 
8136 3.9393446448696744e-06 
1203 3.955135855902724e-06 
8827 3.9580589937803554e-06 
1816 3.879114876196057e-06 
913 3.961497626110241e-06 
113 3.957471268109607e-06 
9787 3.7013039557512705e-06 
837 3.96471156852947e-06 
1444 3.958371226682187e-06 
5581 3.980279147988925e-06 
5878 3.832394816949819e-06 
5041 3.966898193041981e-06 
4130 3.958442821051131e-06 
2209 3.9518106878110784e-06 
1449 3.869784384967943e-06 
3688 3.95849630382049e-06 
6808 3.957801115132141e-06 
7797 3.953246475400858e-06 
7228 3.957405044086949e-06 
3420 3.95645290384983e-06 
6310 1.082944777239975e-06 
5850 3.958465684406327e-06 
3314 3.803469163699661e-07 
9716 3.0443581555505366e-06 
1350 3.9538710518003696e-06 
3704 3.9290662625904396e-06 
5739 3.957224995699099e-06 
3882 3.944421814332822e-06 
9153 3.957414029514955e-06 
9247 2.817477539808834e-06 
6777 3.9543558424932225e-06 
2883 3.962560261138455e-06 
4120 3.948558855454374e-06 
1955 3.945562408297149e-06 
2228 3.4908894458338705e-06 
2586 3.90650045243177e-06 
8526 3.931950762215852e-06 
9964 1.8756948318806162e-06 
8778 3.95890496125347e-06 
8830 3.977761084298163e-06 
147 3.931282955210018e-06 
5940 3.910818355030947e-06 
6329 3.962665000796509e-06 
3526 3.965573536233233e-06 
523 3.965487092043436e-06 
8050 3.960562505932985e-06 
4005 3.958268039314483e-06 
4291 3.959254497832599e-06 
4587 3.957378380712334e-06 
6044 3.995205304589934e-06 
7932 3.952341434258485e-06 
9551 3.961253809079851e-06 
8351 2.0809585731746747e-06 
1410 3.341723352267662e-06 
7905 3.950712646700861e-06 
6414 3.921277963133418e-06 
9062 3.956173629763547e-06 
6847 3.961538603880723e-06 
9083 3.835346078796132e-06 
9784 3.958074868882489e-06 
2064 3.96119641952015e-06 
2908 3.947443691950513e-06 
4027 3.904748309473761e-06 
5437 3.714868622079303e-06 
2703 3.940183877096591e-06 
8198 3.0620379224961332e-06 
625 3.844984798728463e-06 
6741 3.954714784828675e-06 
4088 6.439207246052585e-07 
244 5.50829802938792e-06 
1564 3.957199818926405e-06 
6767 4.008661848741365e-06 
2246 4.255360092940251e-06 
3073 3.90841163326167e-06 
7415 3.9471195388817336e-06 
6554 3.878840201800722e-06 
7972 3.9590832090405435e-06 
9016 3.958062483499542e-06 
1406 3.96138852562912e-06 
7669 3.96048904042189e-06 
667 3.964910950766741e-06 
4713 3.93091624126881e-06 
8220 3.6485580007470727e-06 
6872 3.946699809244056e-06 
1460 3.930354042682991e-06 
1573 3.95823091695508e-06 
4908 3.952443856849481e-06 
9128 3.956266345392992e-06 
2054 3.955638828163596e-06 
3139 3.957618310104211e-06 
5789 3.944126643475939e-06 
2610 3.9881530953209315e-06 
1463 3.958710365766524e-06 
3897 3.954936911362495e-06 
6024 3.949340253112771e-06 
3560 3.994396588078107e-06 
2963 3.9580918050257744e-06 
1591 3.948277493679446e-06 
2305 3.957170000479177e-06 
2111 3.962066920642381e-06 
3913 3.958966047328166e-06 
1092 3.941188158797635e-06 
730 3.963947581636962e-06 
7784 3.93977320917315e-06 
2392 3.957487471016617e-06 
268 3.9147752141514e-06 
5431 3.95856013885046e-06 
4237 3.973619111673602e-06 
7423 3.839501660191732e-06 
8547 3.956549620330226e-06 
8108 3.874641728079595e-06 
9288 3.9581667520763034e-06 
6234 3.959101116243855e-06 
8727 3.4584414039657803e-06 
9413 3.913113390523697e-06 
2528 3.9630668511496575e-06 
3767 3.962629568332187e-06 
693 3.958561256658364e-06 
3519 3.971611819984774e-06 
6450 3.934685386769928e-06 
6455 3.946371275253565e-06 
4078 3.958268972208811e-06 
6447 3.961883762319592e-06 
3471 3.962374425269657e-06 
5865 3.9587170575031006e-06 
140 3.954791337506211e-06 
2043 3.814136853637341e-06 
8047 3.951152457079558e-06 
3286 3.959628467079281e-06 
3604 3.955354499044111e-06 
3858 3.958221475787316e-06 
3236 3.958569920094494e-06 
794 3.9483014409493385e-06 
7599 3.958526552710852e-06 
4992 3.957727426411012e-06 
1679 3.290322166007584e-06 
7994 3.957015135688822e-06 
2414 3.969946878032381e-06 
1757 3.948304082536576e-06 
6253 3.955934914964817e-06 
7583 3.952102205085799e-06 
5841 3.93803335054579e-06 
8301 3.852577774826803e-06 
253 3.964877995875726e-06 
9264 3.913126204212951e-06 
9076 3.7000021197007706e-06 
2028 3.955259026549479e-06 
7749 3.958442128590322e-06 
9679 3.9117016528464636e-06 
5635 3.861673635865607e-06 
8570 3.958601956368317e-06 
2405 4.212041929318087e-06 
5077 3.949146200742418e-06 
9152 3.957170436581554e-06 
238 3.956306250143876e-06 
2778 3.956212753206883e-06 
4850 3.957660040427484e-06 
796 3.971456318254177e-06 
549 4.010919606702713e-06 
6289 3.957938220118696e-06 
9028 3.958560857507622e-06 
8111 3.95810254427589e-06 
6933 3.9556156548584485e-06 
4524 3.9695102059780125e-06 
7395 3.9296879508900634e-06 
3970 3.9649443286585e-06 
4869 3.958513613611535e-06 
8305 3.949183841297449e-06 
5335 3.952953666343964e-06 
5061 3.959382588163363e-06 
4046 3.95942639561685e-06 
1589 3.962570195752992e-06 
8353 3.957397423185976e-06 
3063 3.958311582275307e-06 
9461 3.782494252108257e-06 
4847 3.958134084152132e-06 
5057 3.955874203874232e-06 
4753 3.951766518393241e-06 
9298 2.416268563374172e-06 
7878 5.055653209994583e-06 
1399 3.955383548089151e-06 
8137 3.958615689128767e-06 
8430 3.689303339249776e-06 
2852 2.940694246873887e-06 
9743 3.971210648157113e-06 
964 3.957546142121932e-06 
1157 4.123258246163854e-06 
9709 3.928661211757604e-06 
9209 3.3230399147750757e-06 
8728 4.00738795764492e-06 
3511 3.529355904952534e-06 
1017 3.861708498248797e-06 
7820 3.957118127257881e-06 
602 3.9622114898226625e-06 
9517 3.960255008496914e-06 
6028 3.956799676507835e-06 
5474 3.956350587340433e-06 
7283 3.958314260653859e-06 
9552 3.959141503672844e-06 
7056 3.954408195900368e-06 
9862 3.957789777787877e-06 
7475 3.960665201738568e-06 
8567 3.965543988196243e-06 
8436 3.957215468909753e-06 
2234 3.957100638447518e-06 
1113 3.963512279382124e-06 
3406 3.956451706553203e-06 
8995 3.959048230206487e-06 
4334 3.928410499318176e-06 
6828 3.960519891834664e-06 
594 3.951767061840529e-06 
3177 3.956583554741917e-06 
2391 3.9407582296684145e-06 
318 3.958307672818003e-06 
9066 3.952640025557092e-06 
2743 3.958297163139505e-06 
1673 3.956274647598912e-06 
556 3.9563954420453105e-06 
6419 3.9562252842478115e-06 
5810 4.1254179287770495e-06 
1123 3.95689477520248e-06 
6802 3.959920455977525e-06 
1025 3.95886363191195e-06 
7135 3.957012310002718e-06 
5075 3.955635845278139e-06 
930 3.956354072410792e-06 
7286 3.956498551657779e-06 
8738 3.953468990187431e-06 
6090 3.959994235217129e-06 
3903 1.6728335923596174e-06 
4565 3.9597347478558424e-06 
1571 3.953515182404976e-06 
4856 3.95889468801206e-06 
7607 3.9505292434897926e-06 
921 3.917292911356284e-06 
8401 3.962501348653606e-06 
4915 3.958459567421902e-06 
2882 3.957918870189956e-06 
3846 3.684609187084333e-06 
1225 3.869866485624383e-06 
458 3.7714865831640266e-06 
3536 3.895465400771515e-06 
2278 3.959147733033514e-06 
5613 3.955138775764338e-06 
8002 3.960200623562628e-06 
3419 3.960184702684383e-06 
5538 3.958283326475443e-06 
296 3.9582378919240375e-06 
5403 3.9520490925810055e-06 
7270 3.958902734553383e-06 
3401 2.0915157542498057e-06 
3002 4.406841481683887e-06 
2048 3.95805150197333e-06 
2415 3.957262253125151e-06 
8857 3.958696498284998e-06 
972 3.960804502119034e-06 
4763 3.900247716627453e-06 
4143 3.5933488021851696e-06 
7575 2.8616990814722886e-06 
5536 3.953915074580974e-06 
3652 3.962803394459598e-06 
2307 3.967514541898406e-06 
1535 3.356498865523787e-06 
911 3.942962252934751e-06 
3392 3.9591709884389e-06 
8375 3.96656296788381e-06 
9515 3.877563523081936e-06 
8075 3.9606056570042634e-06 
34 3.956387121636e-06 
3655 3.957911656798854e-06 
3215 3.957999622909525e-06 
1179 3.963033705109528e-06 
2910 3.95492192721605e-06 
949 3.953259336152901e-06 
5577 3.955267491192836e-06 
295 2.751267233552398e-06 
6852 3.956688232409998e-06 
2383 3.985725606433394e-06 
4035 3.958461002985327e-06 
52 3.962591555362089e-06 
7220 3.961393538480078e-06 
6657 3.952318189647018e-06 
9357 3.958712392562158e-06 
5203 3.9588733741179795e-06 
954 3.9572485757966986e-06 
8147 3.9606954675477955e-06 
7428 3.958341866469099e-06 
485 3.964497142976228e-06 
8323 3.959075057797467e-06 
5554 3.864826166031353e-06 
8032 3.958515402900435e-06 
3459 3.957459921420978e-06 
5664 3.959138243767583e-06 
6717 3.958224106684262e-06 
4320 3.95901644503923e-06 
2475 3.967273997090208e-06 
8527 3.928241805604524e-06 
4523 3.95887351574349e-06 
3344 3.9591908216620755e-06 
3026 3.959482761452602e-06 
6201 3.957634253808605e-06 
349 3.999984604858794e-06 
6426 3.922319299744409e-06 
8257 3.95827173005374e-06 
4124 3.9572632764706195e-06 
2716 3.958780575076012e-06 
196 3.959125839955319e-06 
5979 3.355066875038621e-06 
1301 3.4819250046368508e-06 
7540 3.9577373727684705e-06 
4448 3.898140632111176e-06 
1129 3.971162855230912e-06 
2268 3.959019430352135e-06 
9769 3.953317122798395e-06 
866 3.9546384879624765e-06 
457 3.955881278340056e-06 
4337 3.9569929155391824e-06 
7427 3.9637592655964145e-06 
5982 3.927485332430027e-06 
4 4.005350128035135e-06 
5209 3.958909056474307e-06 
6193 3.9571358971043425e-06 
816 3.958667309493366e-06 
5434 3.958926909577191e-06 
6332 3.92690101092462e-06 
5133 3.962853354081993e-06 
8574 3.946374928158899e-06 
8733 4.0112045880325844e-06 
7401 3.92708634033848e-06 
7252 3.954449032700103e-06 
5849 3.980259855063958e-06 
7508 3.958998641444082e-06 
4724 3.896601270011382e-06 
5318 3.9580816744077215e-06 
7830 3.958242957527906e-06 
4501 3.9581413343608924e-06 
7903 3.94892951289223e-06 
853 3.957474828677293e-06 
8870 3.985024724717567e-06 
5363 3.953034554621244e-06 
5597 3.960143554285661e-06 
9742 3.958100846001461e-06 
4492 3.956037025878241e-06 
5754 3.8972972881177506e-06 
8338 3.958355830593724e-06 
679 3.957609347803568e-06 
7090 3.962793166668816e-06 
1651 3.976292044169701e-06 
8077 3.952013348478456e-06 
5975 4.498624783071953e-06 
9863 3.960165382471027e-06 
328 3.958587573625511e-06 
1083 3.921945596633593e-06 
3797 3.959008569587715e-06 
1045 3.958159481728015e-06 
4331 3.959241802857046e-06 
4652 3.963208604934845e-06 
6945 3.667110929170538e-06 
6464 3.959820611323648e-06 
2577 3.9550347858734414e-06 
4048 3.6827111797128573e-06 
3671 3.9419706232553656e-06 
6221 3.956064957947492e-06 
4293 3.924978940808219e-06 
1599 3.8649922451210435e-06 
496 3.956122150999056e-06 
2206 3.954762029502226e-06 
9826 3.9515368877319405e-06 
6231 3.6304279993580997e-06 
9484 3.959234778740702e-06 
9638 3.932389252729738e-06 
4612 3.93067807717513e-06 
7154 3.959753907913424e-06 
1277 3.95549486656454e-06 
8333 3.957101368142808e-06 
5160 3.938196841849759e-06 
8591 3.965071925877513e-06 
1837 3.983476081227406e-06 
3541 3.9563306477311745e-06 
8054 3.958463725593349e-06 
8402 3.960171192750764e-06 
8909 3.959197889252742e-06 
5372 3.986768499838598e-06 
2537 3.953403910128617e-06 
5887 3.9584536334968925e-06 
6468 3.9018638140353874e-06 
170 3.952686450252053e-06 
7399 3.958065289425166e-06 
282 3.868373578852045e-06 
4917 3.95522273597385e-06 
5897 3.950979116592151e-06 
8959 7.654155088512167e-06 
9695 3.956167890372364e-06 
6111 3.954368415746142e-06 
7770 3.968282543529217e-06 
329 3.9592574694949655e-06 
4149 3.996673849435416e-06 
3508 3.943671916877782e-06 
2037 3.957109424894113e-06 
4737 3.92225834414887e-06 
3341 4.1200418047046196e-06 
9301 3.98086364584031e-06 
9039 3.9583212644138e-06 
8027 4.310854999554981e-06 
3664 3.957468856316684e-06 
2681 3.973959425427564e-06 
8522 3.9588503924727985e-06 
1246 3.919651244441275e-06 
3960 3.944338071445858e-06 
4611 3.97077366549721e-06 
6956 3.9508233596717285e-06 
3973 3.955895159647225e-06 
990 3.935294500967676e-06 
7926 3.9511454068149905e-06 
1608 3.9460943082457635e-06 
7675 3.958691438603618e-06 
5240 3.959021188363214e-06 
3149 3.961492885194901e-06 
1536 3.958216252140759e-06 
2466 3.968154876141141e-06 
2297 3.778742927050615e-06 
101 3.997016545294793e-06 
3171 3.928190613634964e-06 
3069 3.94125885984017e-06 
876 3.958166564717551e-06 
1612 3.958103681357915e-06 
8374 3.959155683926044e-06 
4846 3.9597377464913425e-06 
7890 3.959132130999002e-06 
6887 3.890954423720325e-06 
8833 3.9582775561723875e-06 
9145 3.950812160876728e-06 
1360 3.958437364407879e-06 
8473 3.9481022150311535e-06 
1074 3.996521560918776e-06 
9960 3.961504971743018e-06 
8886 3.971771577226724e-06 
1890 3.958459682339973e-06 
6301 3.959755075952102e-06 
1359 3.9318792526103365e-06 
9328 3.936283456573934e-06 
2677 3.958770669932811e-06 
9192 3.959218210412085e-06 
5467 3.9586830391006765e-06 
6217 3.5643639126832745e-06 
3637 3.944141581200086e-06 
254 3.462888979652887e-06 
5681 3.966037308821234e-06 
706 3.991056584551216e-06 
1063 3.929887614840127e-06 
9890 3.950097421731778e-06 
4423 3.798856142429237e-06 
3595 3.957036932429949e-06 
2525 3.958747424845995e-06 
7532 3.946211124315732e-06 
9009 3.958204078570403e-06 
4021 3.959919498306949e-06 
5219 3.862446095654941e-06 
1016 3.979585394119395e-06 
8120 3.959601396024608e-06 
4374 3.934879022818772e-06 
3486 3.95527546928933e-06 
4754 3.908029282262941e-06 
308 3.976989151563855e-06 
2068 4.005714116784853e-06 
936 3.837330143991679e-06 
938 4.004689318145942e-06 
4343 3.551151618946816e-06 
4399 3.958496680092739e-06 
3709 3.956446565288782e-06 
426 3.900486456935092e-06 
5649 3.9587436659007655e-06 
7060 3.9577675236182515e-06 
6666 3.958747087434103e-06 
4991 4.0252069634278405e-06 
1927 4.0236349278797785e-06 
6549 3.7056493814451124e-06 
9720 4.174425344307841e-06 
3861 3.931663793439333e-06 
525 3.954753173113704e-06 
5741 3.958583247011827e-06 
7350 3.968094519928304e-06 
1055 3.901168884880672e-06 
461 2.8108537145889624e-06 
484 3.94083113633595e-06 
6709 3.954451126704816e-06 
2074 3.957454856760612e-06 
430 4.6345362612690164e-07 
9864 3.960052711066472e-06 
3554 3.955491323872239e-06 
7941 3.946959402966545e-06 
4825 3.95193990946088e-06 
4722 4.003944416196718e-06 
2913 3.376908660397921e-06 
2319 3.9619383600390325e-06 
1071 3.954029149291219e-06 
1549 3.957066452610742e-06 
8276 2.1084127699745225e-06 
9325 3.963688727930885e-06 
742 3.9521928253537825e-06 
5670 3.965578452198265e-06 
9705 3.952976439383258e-06 
6427 3.958992879677643e-06 
1638 3.950148039168929e-06 
3310 3.9878771919130595e-06 
9815 3.8115887702686964e-06 
1494 3.9476418939214214e-06 
5578 3.7972998014461548e-06 
9827 3.959291591587156e-06 
7234 3.78822922885224e-06 
8763 3.940958980456493e-06 
9464 4.01055031579788e-06 
4073 3.935526816642146e-06 
373 3.96514946549581e-06 
3491 3.95682833143284e-06 
3475 3.027926131676164e-06 
3555 3.9688392760069226e-06 
4999 3.958771035966797e-06 
3662 3.958530268364914e-06 
8327 3.9568100992773926e-06 
2512 3.954185857589303e-06 
1984 3.3687989389702453e-06 
4688 3.957205133211059e-06 
7183 4.689537677155009e-06 
213 3.953697711152502e-06 
512 3.95772746331703e-06 
1137 3.7679029542903916e-06 
4307 3.952348376466286e-06 
7999 3.953717831326434e-06 
7347 2.9424487960866468e-06 
5013 3.957769128684481e-06 
8290 7.5326922704167165e-06 
7367 3.956445888979102e-06 
4537 3.962547278396796e-06 
7375 3.957525794322413e-06 
5063 3.9555350130473385e-06 
984 3.955947619829927e-06 
5721 3.956495851224326e-06 
7024 4.01587970938988e-06 
6383 3.9300630147001445e-06 
8121 3.942327712707671e-06 
4457 4.039290419096793e-06 
4131 3.9594587777004546e-06 
8481 3.958077001342606e-06 
8065 3.957969756319215e-06 
8063 3.955447217843763e-06 
5735 4.066212099427664e-06 
1431 3.938762818985209e-06 
976 4.110912970619702e-06 
2749 3.9604853392977625e-06 
4531 3.7098201840256973e-06 
7845 3.971834055362734e-06 
7278 3.958342926195069e-06 
7984 3.92552484616755e-06 
9226 3.946496587233547e-06 
315 3.940696722612271e-06 
3787 3.9581913192239445e-06 
8045 3.957791524222952e-06 
8768 3.95941417796482e-06 
7392 3.433453771843071e-06 
81 3.95880240744791e-06 
6662 4.096082437289654e-06 
3809 3.965786521479249e-06 
2422 3.957934921288123e-06 
4266 3.820370430133533e-06 
1093 3.9654399703170446e-06 
6411 3.93736716488045e-06 
8722 3.940525953735585e-06 
9782 3.675793170008721e-06 
7152 3.955945577250798e-06 
3204 3.954696784849838e-06 
6222 3.956349267558002e-06 
249 3.965784024449551e-06 
3724 3.959581827364572e-06 
1087 3.959175521298045e-06 
1866 3.958072739647598e-06 
5371 3.958502181599822e-06 
155 3.882222635663333e-06 
5238 3.958597419893079e-06 
754 3.956961746007041e-06 
5876 3.940263296489332e-06 
1566 3.9636594668220065e-06 
7927 3.846686905485773e-06 
8070 3.874564392197422e-06 
4660 4.0222519819079505e-06 
3179 3.7561605582068014e-06 
8013 3.865130114521553e-06 
4673 3.957823764354422e-06 
7021 3.956913755786084e-06 
8685 3.955634800942976e-06 
3613 3.961089275814873e-06 
4768 3.9528567584836574e-06 
4267 3.9132754703330945e-06 
5818 3.886654563922529e-06 
7726 3.958079830117894e-06 
8759 4.968758298533405e-07 
4047 3.95875542139056e-06 
2363 3.760847243112085e-06 
8480 3.955560810063094e-06 
9877 3.829332663097517e-06 
8285 3.9582069886901845e-06 
8783 2.442203117216035e-06 
5051 3.958643295779486e-06 
736 3.9582936194388415e-06 
390 8.803825707075945e-07 
5879 3.947685295929542e-06 
3864 4.002476999681281e-06 
2207 3.957669583951533e-06 
5729 3.5868193651265865e-06 
6823 3.958497747002414e-06 
2368 3.953216249698882e-06 
7822 3.9141410515340054e-06 
4309 2.91672522538061e-06 
4470 3.989949319640186e-06 
4570 3.954739017870265e-06 
8343 3.959317006052697e-06 
4573 3.958016483099411e-06 
5056 3.960380808064348e-06 
2847 3.958738129137373e-06 
3883 4.067677130695028e-06 
5568 3.95839864277623e-06 
7738 3.9582344290426014e-06 
6776 3.884321651859276e-06 
3000 3.80091198666841e-06 
9723 3.971428477398062e-06 
7009 3.8801934518549305e-06 
1503 3.963676398074831e-06 
9968 3.919196004298469e-06 
7337 4.007466487073902e-06 
366 3.958536235333801e-06 
2935 3.959221023135682e-06 
1353 3.959388024770713e-06 
9030 3.953770832174085e-06 
6077 3.997243041724698e-06 
1131 3.972954405974082e-06 
5947 6.5629607862999966e-06 
6772 3.252654518157363e-06 
6710 3.9469081855960476e-06 
8710 3.805769117353711e-06 
7398 3.969503719650317e-06 
5419 3.952014945901288e-06 
9220 3.958036696648192e-06 
9658 3.893466412299064e-06 
7743 3.961087755350025e-06 
3568 3.958116621805202e-06 
3031 3.931697548514569e-06 
8485 3.958891654236383e-06 
5802 3.95859371388824e-06 
9896 4.02365473025416e-06 
1992 3.95749518944767e-06 
205 3.9326026776316415e-06 
6158 3.979795768901965e-06 
8508 3.945370515128825e-06 
6372 3.952897250517262e-06 
7727 3.965336290151081e-06 
9924 3.9118692462428446e-06 
7474 3.958563222528913e-06 
5217 3.884101407782962e-06 
4231 6.192482690767688e-06 
2356 3.997099906089832e-06 
4421 3.670374358401048e-06 
2351 3.952927137473251e-06 
775 3.984691326489259e-06 
5111 3.952740216406336e-06 
3016 3.7751451063358126e-06 
8550 3.968763832208365e-06 
3121 3.959169346948739e-06 
2269 3.957461980980014e-06 
5468 3.951881043853898e-06 
4889 3.958936294352647e-06 
8483 3.957907349333347e-06 
1159 3.954824432927632e-06 
2955 3.958440998516185e-06 
4232 3.958196394035891e-06 
380 3.9589820075395415e-06 
7918 3.562648138380586e-06 
9710 3.958960752605982e-06 
2662 3.925188051677539e-06 
99 3.957739181473555e-06 
916 3.9607575686807295e-06 
5685 3.95906244217509e-06 
6903 3.939283633348882e-06 
804 3.988996416965308e-06 
8138 3.954561496804435e-06 
7319 3.958038581039689e-06 
6523 3.95685039708272e-06 
8231 3.985434236001911e-06 
8991 3.9593633807454e-06 
2823 3.956086204744201e-06 
9779 3.928372161549514e-06 
7213 3.9594417193545925e-06 
6897 3.940618648727186e-06 
7249 3.955815997701838e-06 
4361 3.9496686373601475e-06 
3352 3.957725743713047e-06 
7077 3.9097340274552166e-06 
114 3.9585850868526284e-06 
6934 3.998676423280321e-06 
3499 4.089485937952607e-06 
555 3.9546793648454716e-06 
9470 3.958491331110382e-06 
2539 3.948080314629842e-06 
6400 3.957069162634527e-06 
6210 3.958080292230791e-06 
629 3.9753977978771285e-06 
7225 3.962479092539389e-06 
1254 3.920519850527704e-06 
7469 3.951412487043334e-06 
6295 3.937255801512456e-06 
1332 4.023158846930549e-06 
8578 3.9588283031064585e-06 
1394 3.961057982138243e-06 
5941 4.016412498240038e-06 
2767 3.911605086266413e-06 
7626 3.957266724102801e-06 
4456 3.958197554405414e-06 
1053 3.957494652649595e-06 
4475 3.959382053726445e-06 
1251 3.918778856772155e-06 
4285 3.958965302984392e-06 
8114 3.957791338774464e-06 
7204 4.000320989706739e-06 
578 3.942971537297798e-06 
334 3.895600898731565e-06 
1456 3.4608527297985015e-06 
7561 3.961834876818339e-06 
273 3.955261321591823e-06 
1746 3.998315890267227e-06 
1024 3.847525659056693e-06 
7981 3.959710406065906e-06 
391 3.955477536243244e-06 
3048 3.958438039468116e-06 
4953 3.955682549643025e-06 
4766 3.9776137579232215e-06 
2741 3.747392730724903e-06 
3932 3.935442347971475e-06 
1842 3.948538516356e-06 
2097 3.9562441359953e-06 
3348 3.956760423265483e-06 
942 3.957494881915099e-06 
4026 3.958333750672086e-06 
9091 3.9573039052016195e-06 
4741 3.75713435968161e-06 
3386 3.954683244941848e-06 
1606 3.958190627964218e-06 
7665 3.9553009660592385e-06 
7018 3.958602581607159e-06 
3659 3.4018625440771084e-06 
3431 3.950610005242988e-06 
7310 3.950221524774051e-06 
7101 3.934888131401689e-06 
2661 3.958289061742734e-06 
3746 3.975924785247151e-06 
9866 3.958749806133331e-06 
3175 3.961741500439737e-06 
1811 3.959167814798496e-06 
3427 3.7514570239037935e-06 
4436 3.951233746711445e-06 
5628 3.957821163799101e-06 
9029 3.948013006270244e-06 
2592 3.955228386735192e-06 
2314 3.956003219578886e-06 
1098 3.95879826909516e-06 
5044 3.958042014466161e-06 
2194 3.960001130842931e-06 
4063 3.9697610735796876e-06 
2635 3.9561861583131924e-06 
915 3.96097159962463e-06 
9780 3.960095250539137e-06 
9422 3.9825844819274915e-06 
9140 3.39441816739518e-06 
7358 3.969237038402403e-06 
2371 3.960500968243168e-06 
9781 3.9385792547634005e-06 
1043 3.957819252752387e-06 
4095 3.958947251139233e-06 
3694 3.960924531699622e-06 
908 3.959386466803609e-06 
3259 3.450923694337688e-06 
3380 3.8039439760851962e-06 
8211 3.958574985923462e-06 
5657 3.816737550349706e-06 
6762 1.5421136381714407e-05 
2262 3.958190512431656e-06 
4534 3.9553290765232665e-06 
8442 3.9575772229284936e-06 
1238 7.980312224581463e-08 
6114 3.935386193964621e-06 
1726 3.898427169932195e-06 
3061 3.9532823808472624e-06 
9936 3.958313292979004e-06 
6858 3.9887611373014715e-06 
8760 3.958137657061839e-06 
6756 3.948302215363512e-06 
925 3.968543730021047e-06 
5389 3.7207708354217222e-06 
4006 3.846353516227016e-06 
4757 3.587546650532343e-06 
9183 3.942983863492777e-06 
1991 3.955590908268534e-06 
94 3.958390086847346e-06 
5002 3.957161447708501e-06 
9754 3.939859178224516e-06 
2041 3.976481141837815e-06 
6136 3.834289964048342e-06 
4788 3.958074415008894e-06 
569 3.961594794038654e-06 
955 3.955898322671899e-06 
8237 3.9613951958556984e-06 
2884 3.9337686329721855e-06 
7215 3.957646617360936e-06 
8233 3.958937121942978e-06 
9467 3.95835348126239e-06 
4461 3.952091372092822e-06 
3220 3.9603589393643254e-06 
7359 3.965791058361536e-06 
8776 3.894420643678766e-06 
7644 3.949572730141739e-06 
2302 3.958805649846838e-06 
1997 3.9338552620072644e-06 
7913 3.948653598950409e-06 
9758 3.959189425563243e-06 
3444 3.963731032962689e-06 
1538 3.859638481774607e-06 
991 3.948641084518033e-06 
2435 3.9921040645431436e-06 
4378 3.9159637749997745e-06 
4920 3.964945840568338e-06 
9584 3.956849905286532e-06 
361 3.4385449916068568e-06 
750 3.9239898122092145e-06 
7970 3.95804316131607e-06 
1413 3.958983398692289e-06 
6869 3.958519642045087e-06 
4449 3.959043275274922e-06 
1323 3.6948360862296505e-06 
480 3.954891733119102e-06 
2593 3.975019825715381e-06 
8253 3.9632065061276454e-06 
6043 3.9575938792461e-06 
3098 3.908132177840807e-06 
540 3.948049078857157e-06 
3839 3.962962439641747e-06 
105 3.958483079932653e-06 
1988 4.0021669052009485e-06 
2015 3.954822602355038e-06 
8007 3.9829061172281946e-06 
3745 3.955527866475391e-06 
5992 3.211931084977781e-06 
820 4.141162975277424e-06 
786 3.9591170233899294e-06 
9891 4.211380371477904e-06 
4221 3.95923343057951e-06 
5644 3.873962557029805e-06 
7240 3.976068487298906e-06 
9198 3.958107401654498e-06 
8228 3.958646210301552e-06 
9310 3.961861385842278e-06 
3349 3.790627134452372e-06 
4949 3.962386548548826e-06 
4000 3.957764178766023e-06 
6393 3.958206692711759e-06 
4706 3.915338779337839e-06 
5631 3.958488799660607e-06 
587 3.958178021437637e-06 
6291 3.916156817921895e-06 
807 4.02236907712709e-06 
8957 3.958844899282328e-06 
7956 3.960605460366447e-06 
9714 3.958600200771124e-06 
2242 5.542796399632185e-06 
5725 3.959614016928465e-06 
9476 3.8583840197105945e-06 
2459 3.953953807026439e-06 
517 3.958158233416258e-06 
9201 3.891930218212036e-06 
7257 3.9570698623996385e-06 
449 3.9735013807552735e-06 
2400 3.95241989829201e-06 
6986 3.9423851175212106e-06 
8202 3.95779378403642e-06 
9965 3.8511567310262355e-06 
6169 3.941406358798244e-06 
4196 3.941569857573844e-06 
7750 4.01486403852649e-06 
2988 3.958192163161668e-06 
5831 4.212230261105922e-06 
255 3.962027676204037e-06 
3707 3.92498605302121e-06 
8115 3.958146920426542e-06 
7792 3.958232875567175e-06 
7610 3.9573844530554026e-06 
6947 3.954501789600834e-06 
7934 3.95898861396875e-06 
3133 3.971059732299157e-06 
3599 3.8999932381341795e-06 
539 3.957342224185699e-06 
4391 3.955123544132927e-06 
2705 4.009641775396634e-06 
5888 3.932892149672205e-06 
1342 3.958535313692712e-06 
6590 3.942976476344578e-06 
6527 3.962299331554449e-06 
66 3.955852888292046e-06 
7465 3.6026004284105805e-06 
2468 3.958303447002236e-06 
1869 3.956055478659958e-06 
2189 3.924546206969536e-06 
4013 3.966096567370995e-06 
3847 3.954268316629613e-06 
1358 3.929004580396008e-06 
6735 3.954637480950141e-06 
7778 3.885829490284339e-06 
8183 3.958842681910786e-06 
3313 3.631144142025373e-06 
3699 3.9550196170560225e-06 
8517 3.764715006887098e-06 
1734 3.959271838823502e-06 
9197 3.953902575701379e-06 
6039 3.9598261988807586e-06 
2511 3.972891517856786e-06 
8797 4.1603846927508294e-06 
381 3.960928703488661e-06 
9805 3.9520876959254044e-06 
9885 3.846284498194368e-06 
5068 3.933406826915504e-06 
411 3.958247315052125e-06 
9648 3.948480740382868e-06 
7244 3.958623328229722e-06 
7604 3.93151634822831e-06 
1688 3.9589074672819785e-06 
2138 3.959239332492376e-06 
3551 3.95997153458962e-06 
8568 3.958998065589004e-06 
1971 3.4171630213171834e-06 
4614 3.955174391713147e-06 
2256 3.833884836002079e-06 
2042 1.2514483649599264e-06 
3264 3.957433244394828e-06 
8697 1.2822687956095672e-06 
8720 3.904247137936399e-06 
6224 3.958610840184873e-06 
1885 3.954735353257016e-06 
1382 2.8330750030779318e-06 
9943 3.932502343226704e-06 
6728 3.954738935101571e-06 
1402 3.9584423034868744e-06 
3614 2.9866627910227347e-06 
1261 3.958028657460753e-06 
6702 3.4458287903176083e-06 
8520 3.5876292614767617e-06 
3331 3.956018760764207e-06 
6690 3.957752510206196e-06 
3442 3.966211787171913e-06 
6215 3.9553638794137724e-06 
103 3.4542436133726064e-06 
1474 3.3890923179881227e-06 
2403 3.974608041085769e-06 
869 3.963762298224205e-06 
1925 3.942806109653018e-06 
3402 3.995456445118838e-06 
362 3.957241001296451e-06 
1753 3.0224478591475228e-06 
3701 3.963093969902643e-06 
2469 3.9546437325008625e-06 
9893 3.901858740487611e-06 
9313 3.961296104503264e-06 
4241 3.956986896260141e-06 
4648 3.949008660400867e-06 
6413 3.958515251380057e-06 
5269 3.910380728973182e-06 
1787 3.957689006130045e-06 
6545 3.947065725269225e-06 
563 3.095435723063105e-06 
7530 3.938506030657821e-06 
951 3.893267429497355e-06 
1458 7.057522470561656e-06 
7939 3.958796231544921e-06 
7496 3.959111735336858e-06 
3988 3.942659910861273e-06 
8789 3.961757844930486e-06 
663 3.959089751335316e-06 
8919 3.951516183264803e-06 
4428 3.958231712525351e-06 
7512 3.946677193428905e-06 
6928 3.956359331515803e-06 
4118 3.9563947316827284e-06 
9184 3.958729796949769e-06 
6164 3.958720609748313e-06 
1788 8.050549517977609e-07 
8235 4.082966666722163e-06 
5648 3.957711023828594e-06 
592 3.98544089835043e-06 
2603 3.836342087814718e-06 
8532 2.7312134136326947e-06 
4982 3.960497946693117e-06 
1290 3.916508054512096e-06 
9024 3.959108975731759e-06 
2978 3.954772669185735e-06 
1030 3.917391976577327e-06 
2632 4.2548045472937485e-06 
4430 3.968348401889539e-06 
1722 3.93809702176861e-06 
9565 3.958195952811268e-06 
9804 3.959323547496113e-06 
3030 3.945974172325185e-06 
2012 3.826436906953963e-06 
6257 3.944474175008202e-06 
9835 3.9572573181269005e-06 
8029 3.956514038897026e-06 
902 3.934160265091418e-06 
9018 3.958606904963076e-06 
8773 3.962387138814171e-06 
59 3.955806918866723e-06 
14 3.943545780540589e-06 
7775 3.949191602217299e-06 
8420 3.867948614156442e-06 
9756 3.959204133511725e-06 
9958 3.957159291364748e-06 
6376 3.952747150713909e-06 
107 3.984546263448077e-06 
1613 3.957682865992925e-06 
7253 3.959151377638537e-06 
6229 3.928289462716366e-06 
3877 3.958194705886524e-06 
4020 3.9545901570543355e-06 
3216 3.973125460954335e-06 
5942 3.9685188116794135e-06 
1603 3.93742163102042e-06 
4975 3.3398445811893017e-06 
7879 3.886472189868754e-06 
5141 3.928569409442906e-06 
4709 3.960430965576298e-06 
5404 3.920572812887387e-06 
684 3.950214086176221e-06 
6050 1.1622340599820827e-06 
2964 3.9519512760318445e-06 
7616 4.014724755427566e-06 
1185 4.1108044980730215e-06 
6175 3.6085886585574237e-06 
1684 3.891212448738239e-06 
1281 3.969333406759664e-06 
509 3.77329005812151e-06 
3438 3.952139336140487e-06 
3665 3.4566227042346818e-06 
3615 3.945431462587727e-06 
3056 3.8337036170062885e-06 
5026 3.9368135899567536e-06 
2342 3.928550787986317e-06 
4870 3.95077611155795e-06 
5304 3.453588968129559e-06 
8533 3.958132007107421e-06 
1324 3.958383464979094e-06 
9945 3.94808289184342e-06 
3099 3.951290569411053e-06 
8598 3.957599681263887e-06 
5848 3.9570381046810184e-06 
2251 3.7984066947273547e-06 
195 3.951144327750971e-06 
789 3.958234703031946e-06 
8289 3.963416039849295e-06 
7400 3.959248426553779e-06 
1492 3.950428309168814e-06 
6096 3.967196697145216e-06 
4207 3.958603641774264e-06 
7819 3.6914143167429315e-06 
8999 3.94870723396507e-06 
909 3.940128927861259e-06 
7868 3.957297309960062e-06 
4155 3.958459392608182e-06 
9118 3.948561937290187e-06 
1868 3.960443699917183e-06 
7029 3.9581910650613546e-06 
6529 3.959978917362711e-06 
8609 3.967651947070441e-06 
9229 3.957847142720911e-06 
4164 3.958420405393339e-06 
3009 3.959486396643123e-06 
6263 3.933025649822188e-06 
9077 3.95888128076877e-06 
8437 3.939881406338636e-06 
9820 3.958010001581084e-06 
6259 3.956781196655322e-06 
5291 3.958601561943343e-06 
4755 3.956225042780576e-06 
3188 3.412341086793815e-06 
86 3.95470480230528e-06 
494 3.87584268894326e-06 
5908 3.749194091177594e-06 
6660 3.958340422526623e-06 
4666 3.957637459675239e-06 
1477 3.998355030142184e-06 
1472 3.960971659035423e-06 
5220 3.958236462811549e-06 
5886 3.9567794672940815e-06 
5161 3.959339641558876e-06 
1742 3.888910857052998e-06 
672 1.80948552869535e-06 
7636 3.9403778975758394e-06 
9527 4.298625916336702e-06 
6891 3.916147080167836e-06 
3997 3.958610069581946e-06 
5245 3.7570586170419613e-06 
9711 3.969579237902348e-06 
5452 3.847219775487567e-06 
2745 3.954368054393473e-06 
4301 3.944200042990704e-06 
1773 3.9575715425203e-06 
7867 3.9588013919232445e-06 
4971 3.958998543702202e-06 
8794 3.961228655622314e-06 
4014 3.957626815191213e-06 
7968 3.9620384493823375e-06 
3345 3.960459963673728e-06 
675 3.242299093587227e-06 
9214 3.954523059342261e-06 
7602 3.95661172328791e-06 
9 3.943363699359319e-06 
8038 3.956101517963685e-06 
1700 3.9493649159083e-06 
4137 3.958753630162547e-06 
1064 3.723800647564487e-06 
6704 3.94405031356513e-06 
6575 3.9595720999839625e-06 
6629 3.869221336223913e-06 
6664 3.94176760043672e-06 
7935 3.957553204366168e-06 
8009 2.3270721150949506e-06 
6290 3.9585308105669006e-06 
1108 3.9575544441574265e-06 
8583 7.280408107278343e-07 
3742 3.952810999761932e-06 
3262 3.805464005584718e-06 
6624 3.949377878173302e-06 
1938 3.911263704673514e-06 
5962 3.7618661483542296e-06 
1438 3.958157554586259e-06 
3461 3.956697535759283e-06 
3336 3.952072216058244e-06 
9099 3.930631565239075e-06 
5416 2.935262952682203e-06 
448 3.811801170268882e-06 
9981 3.9523765218785226e-06 
5547 3.83818043593845e-06 
7551 3.954820361601408e-06 
4081 3.954833765677525e-06 
554 3.958861333659926e-06 
2310 3.957408749994323e-06 
6408 3.956214570494648e-06 
3995 3.957660048173111e-06 
6000 3.9590898032283595e-06 
3208 3.957440207452946e-06 
9999 3.933437158563274e-06 
5767 3.963247973196675e-06 
5421 3.965609475333224e-06 
6725 3.9667164984901365e-06 
3661 3.7215723810710794e-06 
5412 3.9507027629721946e-06 
975 3.958417427234897e-06 
2575 7.290187911672239e-06 
264 3.958592944307085e-06 
940 3.9586722901363934e-06 
2735 3.6307080901721808e-06 
7008 3.9543306057959445e-06 
552 3.966272209711264e-06 
9245 3.958897711911286e-06 
2917 3.923597157624088e-06 
6676 3.943246236874684e-06 
2123 3.957439602000228e-06 
8157 3.9583106189729055e-06 
8390 3.956267755319595e-06 
7909 4.1243665706787134e-06 
6812 3.978596803650478e-06 
1163 3.9562960370591835e-06 
179 3.95793449694128e-06 
2949 3.956416045289851e-06 
4061 3.915815760963353e-06 
2718 3.9803437468125315e-06 
146 3.994743090130155e-06 
9042 3.708300209210926e-06 
3329 3.9590679395906934e-06 
1808 3.789458200087074e-06 
8589 3.942062540757024e-06 
7510 3.958367954155843e-06 
2559 3.8263035745827e-06 
3320 3.955603712494027e-06 
4387 3.958606558027792e-06 
7000 3.967587643693573e-06 
6918 3.954144926111285e-06 
3719 3.965770199623463e-06 
1883 3.967367095550461e-06 
2796 3.956117846886125e-06 
227 3.958686511568244e-06 
3567 3.9379096431614694e-06 
9870 3.915290520130852e-06 
3277 3.9578117591373985e-06 
1597 3.9791016767706106e-06 
3214 3.954817838058883e-06 
6538 3.966896884599027e-06 
4811 3.958591015817132e-06 
3362 3.942122287369124e-06 
1090 2.4524272764799414e-06 
2933 3.958621794198286e-06 
1719 3.958470302320001e-06 
191 2.29783985944038e-06 
6365 3.9586125151140524e-06 
6988 2.052364437504606e-06 
2197 3.950425777881717e-06 
7589 3.743637112673926e-06 
3138 3.954730440486228e-06 
7396 3.9578111811468995e-06 
6105 3.957988940462806e-06 
7093 3.958424224136228e-06 
9430 3.948853130439938e-06 
4254 3.958599585057078e-06 
6742 3.959398251020535e-06 
2420 3.952457611417593e-06 
9190 3.985790356495448e-06 
9692 3.965985280481863e-06 
3456 3.959196963621879e-06 
