1 2 2 4 57.93
2 1 5 10 1990614.063
3 4 4 5 520.316
4 3 7 9 881716.181
5 3 4 6 1837.205
3 5 7 9 577064.389
6 7 3 3 20.748
7 6 9 6 4859.75
8 7 9 7 23101.324
7 8 4 8 101846.84
9 10 6 5 782.211
10 9 3 7 11803.036
10 11 7 10 5885549.455
11 10 2 6 1057.385
12 13 10 9 3655540.093
13 12 4 9 352010.494
12 14 6 1 7.57
14 12 6 3 42.984
15 16 6 2 14.22
16 15 2 5 291.855
17 18 2 8 8420.521
18 17 2 7 12634.066
19 20 5 3 32.826
20 19 8 8 251136.331
21 19 9 3 46.35
19 21 5 8 114036.848
22 21 8 6 11520.19
21 22 10 2 22.224
23 22 1 2 3.509
22 23 1 8 41619.353
24 23 5 1 6.584
23 24 6 2 12.935
25 24 8 2 18.229
24 25 1 4 31.13
16 25 6 2 13.752
25 16 8 8 171344.48
26 27 1 10 1968010.641
27 26 3 8 2155028.764
3 26 10 10 14876472.697
26 3 5 4 136.634
28 24 8 7 21505.458
24 28 8 2 16.991
29 28 9 4 306.72
28 29 1 8 17603.299
27 29 2 4 38.431
29 27 9 3 53.422
30 27 6 7 57667.754
27 30 5 3 37.523
31 2 8 4 183.394
2 31 7 10 6195924.521
32 33 10 8 99850.95
33 32 10 10 1690020.286
32 34 4 6 3880.286
34 32 8 3 47.25
34 35 8 1 9.705
35 34 2 1 3.555
35 2 9 5 592.892
2 35 6 4 110.561
33 31 5 2 11.945
31 33 3 7 9775.691
18 33 3 7 6675.559
33 18 5 6 2630.206
36 15 9 5 1119.638
15 36 5 3 34.884
36 17 5 2 11.717
17 36 10 9 1222495.3
37 36 3 6 1570.811
36 37 4 6 2815.186
38 39 10 1 10.737
39 38 3 8 30745.323
40 41 7 1 8.555
41 40 7 9 675804.496
42 43 1 4 24.2
43 42 5 9 1266913.185
44 45 6 2 13.173
45 44 5 9 981820.33
46 47 9 6 2399.895
47 46 4 10 5187455.897
48 49 8 5 1056.979
49 48 1 1 2.564
50 51 10 6 2882.593
51 50 10 5 637.52
52 37 7 8 191216.237
37 52 1 2 3.554
53 54 9 6 2623.016
54 53 1 4 18.094
55 56 4 3 23.108
56 55 2 9 232074.496
56 57 8 5 1254.35
57 56 7 2 15.077
58 59 4 4 81.715
59 58 4 6 13783.394
60 58 3 8 61884.262
58 60 9 10 1643284.157
61 62 2 6 1189.985
62 61 7 8 103533.182
63 60 10 5 862.541
60 63 6 10 2463290.85
55 59 5 8 100219.682
59 55 3 6 1208.989
59 53 3 10 2063873.467
53 59 5 2 12.262
64 65 4 9 10730548.684
65 64 3 9 305161.464
66 64 4 7 10547.622
64 66 5 8 159007.428
66 56 2 8 15508.925
56 66 7 7 25446.09
67 52 2 6 1223.38
52 67 2 6 2631.064
65 67 8 10 13715642.925
67 65 8 8 251594.956
40 68 8 3 55.094
68 40 8 5 569.509
69 32 10 8 62219.176
32 69 5 6 5111.094
70 69 7 6 6344.668
69 70 5 4 116.66
70 71 6 6 1179.688
71 70 4 10 2053570.805
72 73 1 3 7.159
73 72 4 2 9.753
73 34 1 7 5508.094
34 73 5 2 12.304
74 75 7 8 275974.176
75 74 8 4 175.876
73 76 2 1 3.362
76 73 8 10 2425484.18
77 78 2 2 5.569
78 77 7 2 15.243
79 80 6 2 12.873
80 79 1 9 128657.872
40 81 2 5 160.841
81 40 9 3 58.307
82 83 9 3 56.624
83 82 8 8 213265.279
84 85 9 5 928.269
85 84 6 1 7.508
86 87 1 10 380742.659
87 86 10 5 1192.379
84 86 4 5 370.859
86 84 6 1 7.245
88 89 10 9 988966.766
89 88 7 3 58.37
90 91 4 6 2632.265
91 90 4 4 153.005
92 90 6 4 116.085
90 92 1 7 5218.471
93 90 6 2 14.487
90 93 6 1 7.194
94 93 4 5 425.957
93 94 8 2 18.335
41 95 2 8 51778.268
95 41 3 10 30595334.606
96 97 5 7 19021.724
97 96 3 10 535908.569
98 99 6 7 6977.166
99 98 3 8 130870.036
100 98 9 8 57703.227
98 100 7 10 2711908.425
101 97 7 5 645.281
97 101 2 8 78568.795
71 101 2 6 1351.777
101 71 3 5 196.43
101 72 6 5 1114.12
72 101 6 6 3104.603
68 102 2 4 42.11
102 68 3 3 18.605
103 104 1 5 255.338
104 103 4 10 2201395.483
105 106 4 3 27.516
106 105 9 4 168.626
106 107 1 9 471565.895
107 106 8 8 88895.192
107 108 3 5 246.352
108 107 9 6 4339.451
109 110 3 9 676074.398
110 109 4 8 133937.047
111 96 1 8 8142.292
96 111 6 3 35.364
109 112 5 7 6019.256
112 109 6 5 425.005
113 114 5 8 35963.833
114 113 5 4 110.952
114 111 1 3 8.998
111 114 7 5 757.24
115 116 7 8 65516.722
116 115 4 8 81411.875
110 117 7 4 188.232
117 110 4 2 9.288
116 113 8 5 604.747
113 116 9 9 818196.999
118 119 7 1 8.458
119 118 5 9 639096.036
120 121 1 4 23.406
121 120 9 9 4887261.402
122 120 7 3 40.399
120 122 3 6 2590.906
122 123 8 1 9.144
123 122 2 8 400345.848
122 124 10 5 1313.482
124 122 8 9 212039.543
124 125 3 7 4046.01
125 124 8 2 15.825
110 126 4 1 5.421
126 110 3 1 4.445
127 44 7 6 5038.144
44 127 8 10 57394048.236
117 128 9 4 441.134
128 117 4 5 568.152
127 129 6 6 3681.897
129 127 2 6 1546.672
129 117 7 3 44.171
117 129 4 9 534857.502
130 131 9 10 4614177.683
131 130 3 2 7.51
132 130 8 6 3736.554
130 132 8 2 16.545
130 133 3 3 20.571
133 130 9 8 93935.167
134 135 8 5 838.398
135 134 7 6 4615.482
135 136 2 4 53.544
136 135 10 1 11.269
135 137 6 3 32.593
137 135 5 4 119.431
100 116 7 2 14.881
116 100 10 4 209.436
99 138 4 5 345.379
138 99 4 3 23.286
139 140 10 10 5726916.13
140 139 8 10 2926712.231
141 139 3 7 5457.466
139 141 6 10 3066068.154
20 142 3 10 3815226.226
142 20 9 5 1095.054
95 143 3 7 3892.223
143 95 1 3 7.176
38 144 3 3 20.26
144 38 5 9 1491754.861
144 145 1 6 435.305
145 144 4 5 425.011
81 146 5 10 11242546.842
146 81 1 1 2.546
147 148 3 10 804957.029
148 147 2 8 57322.952
147 149 1 1 2.578
149 147 7 5 1025.668
150 151 2 3 15.685
151 150 6 10 4630791.27
47 1 3 2 7.746
1 47 3 2 7.717
152 153 9 1 11.018
153 152 1 10 3153485.267
154 155 9 4 146.0
155 154 3 1 4.487
156 154 3 1 4.569
154 156 6 2 13.871
157 156 2 5 208.279
156 157 5 9 842281.936
158 157 3 6 3100.002
157 158 10 3 62.643
159 158 3 10 14665652.186
158 159 10 7 24171.706
159 160 6 5 508.933
160 159 9 1 11.085
161 159 7 7 40221.634
159 161 6 1 7.517
161 162 10 8 1288415.722
162 161 3 9 150779.987
54 163 7 5 1200.074
163 54 2 8 31168.09
163 164 2 7 28424.18
164 163 10 3 66.248
165 164 1 2 3.936
164 165 4 4 103.131
166 165 4 6 2444.675
165 166 2 7 3361.377
166 167 1 5 147.962
167 166 3 5 238.115
167 168 9 4 285.943
168 167 4 3 24.136
155 168 1 8 23997.606
168 155 3 2 7.124
169 170 2 5 502.127
170 169 9 3 46.176
171 169 3 9 282795.904
169 171 7 4 141.807
171 156 1 1 2.615
156 171 9 1 10.598
154 172 10 1 11.616
172 154 6 4 128.706
170 172 1 6 826.056
172 170 8 1 9.214
173 170 2 8 54469.96
170 173 4 8 106472.629
174 173 8 8 152929.579
173 174 9 8 72853.694
174 169 9 6 6919.909
169 174 8 2 19.032
175 176 10 5 2169.299
176 175 9 9 374904.734
177 178 5 1 6.625
178 177 8 5 1061.022
158 177 5 6 1837.237
177 158 2 7 3190.16
179 174 5 6 2406.629
174 179 2 7 3458.285
178 171 5 7 8081.23
171 178 4 2 9.313
180 181 7 9 791554.521
181 180 4 6 2218.97
182 183 9 6 23336.989
183 182 7 4 217.052
184 182 7 4 183.088
182 184 5 10 1400016.066
185 184 1 1 2.544
184 185 5 2 12.375
186 185 9 9 1111730.553
185 186 2 5 254.659
186 187 9 8 1112591.05
187 186 5 5 861.83
187 188 9 7 27917.623
188 187 4 8 90384.834
188 189 3 8 35006.125
189 188 8 8 161814.506
189 190 8 8 58720.384
190 189 8 6 3346.997
191 189 10 10 7089036.073
189 191 10 2 20.753
191 177 5 8 76899.584
177 191 5 1 6.795
192 179 7 10 3269228.838
179 192 7 5 593.363
181 192 9 7 25971.544
192 181 2 7 15564.039
187 193 9 3 50.382
193 187 7 3 41.262
193 194 5 5 943.633
194 193 3 8 46602.095
194 195 5 3 29.992
195 194 10 6 4514.336
195 196 7 5 644.186
196 195 5 10 34892417.879
196 159 3 3 22.905
159 196 10 10 8061033.377
188 191 8 2 18.422
191 188 10 5 986.776
196 197 5 8 97178.118
197 196 4 4 79.419
197 161 1 9 170721.165
161 197 8 9 306765.722
198 199 8 4 128.643
199 198 3 5 204.112
199 200 6 9 1069838.855
200 199 5 6 6407.576
58 199 10 5 991.545
199 58 1 10 8121950.667
201 202 6 9 499449.662
202 201 5 4 62.43
203 201 2 10 3771109.559
201 203 2 1 3.489
204 203 4 7 9962.043
203 204 3 5 381.57
205 203 8 2 16.003
203 205 7 2 14.1
206 205 10 4 199.389
205 206 8 5 830.053
207 206 1 6 345.834
206 207 7 6 3264.169
185 207 10 9 3244900.573
207 185 8 2 16.654
184 208 8 2 18.905
208 184 3 8 53347.479
208 209 2 1 3.408
209 208 4 6 1459.293
210 211 4 4 87.34
211 210 10 8 706485.732
210 212 2 5 276.622
212 210 8 5 1076.119
213 212 4 1 5.618
212 213 10 5 1442.053
202 213 10 2 22.581
213 202 6 6 1916.091
176 214 8 4 298.108
214 176 2 8 231415.433
215 211 1 6 441.254
211 215 4 3 30.621
216 195 2 2 5.582
195 216 4 3 23.209
216 197 6 9 1934714.136
197 216 5 1 6.49
217 194 6 5 820.215
194 217 7 8 278820.792
218 217 1 1 2.588
217 218 2 7 16213.875
219 216 3 5 281.02
216 219 5 10 3420759.502
208 180 6 7 19574.75
180 208 5 3 31.231
220 219 4 1 5.463
219 220 8 8 650034.278
220 221 6 9 252448.444
221 220 9 3 70.38
222 218 2 1 3.52
218 222 10 5 1480.754
222 220 8 6 3851.796
220 222 4 1 5.504
223 224 4 9 5981206.504
224 223 7 4 217.468
223 225 5 4 93.548
225 223 1 5 135.933
226 222 5 4 106.244
222 226 4 10 1373117.163
217 193 6 10 33429027.512
193 217 3 6 438.819
227 228 10 8 265592.282
228 227 7 3 43.826
229 227 1 5 108.284
227 229 4 1 5.55
230 186 2 8 25630.186
186 230 6 9 870434.127
228 230 6 2 12.429
230 228 6 9 296633.205
225 63 2 4 87.251
63 225 8 1 9.78
231 205 8 1 9.336
205 231 5 3 30.347
232 206 2 2 5.908
206 232 8 6 4235.076
233 207 1 3 7.795
207 233 7 4 142.729
234 235 2 1 3.451
235 234 2 8 10696.687
236 237 7 5 849.774
237 236 5 4 117.867
237 238 2 4 63.976
238 237 5 7 30008.265
239 237 7 7 9494.315
237 239 7 6 3262.511
240 239 8 5 996.318
239 240 3 2 7.659
241 240 1 1 2.599
240 241 5 5 766.609
242 243 2 6 710.658
243 242 10 1 11.457
244 242 6 10 1319092.973
242 244 1 10 630346.666
245 246 7 5 959.412
246 245 9 1 10.291
247 245 7 6 2098.044
245 247 8 5 880.355
248 247 6 4 92.967
247 248 4 8 60544.425
249 248 6 9 712753.191
248 249 4 1 5.486
249 250 7 5 1213.34
250 249 6 5 428.625
251 250 2 6 1430.906
250 251 1 3 8.6
252 251 10 10 2252839.229
251 252 6 9 26707474.957
252 253 9 10 11610206.054
253 252 9 3 52.978
254 253 5 6 1237.439
253 254 1 9 32869.684
255 254 3 5 207.924
254 255 9 10 5085999.933
256 254 6 3 30.173
254 256 1 9 559726.372
257 256 6 1 7.501
256 257 9 10 3663840.476
258 257 9 4 285.242
257 258 9 3 54.246
257 259 8 10 15847237.26
259 257 10 5 817.455
260 261 3 6 2812.785
261 260 7 5 623.659
262 260 6 10 94496616.993
260 262 9 5 1020.485
260 263 8 6 1488.015
263 260 4 8 146546.388
263 264 1 4 26.66
264 263 4 3 26.577
265 232 8 6 10045.778
232 265 10 6 5711.094
266 267 5 5 342.067
267 266 2 7 8104.635
267 268 2 5 163.83
268 267 6 5 725.751
268 269 10 1 11.495
269 268 4 1 5.673
269 270 9 8 65233.118
270 269 2 7 17108.18
270 271 10 9 675071.211
271 270 2 2 5.697
224 229 1 7 4635.443
229 224 6 5 744.191
272 227 8 8 73055.211
227 272 10 5 4771.003
273 272 1 7 1366.811
272 273 1 5 131.721
274 272 10 6 11260.502
272 274 6 5 819.339
275 274 3 4 50.073
274 275 10 9 2535420.039
275 276 7 3 37.697
276 275 8 5 892.291
277 275 8 4 186.489
275 277 6 7 8569.352
278 234 1 1 2.611
234 278 10 10 12213267.616
279 278 5 1 6.396
278 279 5 8 57279.747
280 279 5 3 31.765
279 280 9 10 7098159.315
280 236 2 6 690.849
236 280 4 8 40034.325
281 231 3 7 10977.414
231 281 3 7 4932.501
282 278 10 9 671680.263
278 282 6 6 5229.666
283 284 10 8 1683047.333
284 283 4 6 2138.114
285 283 1 6 468.805
283 285 4 8 50875.501
286 285 7 6 3504.624
285 286 8 5 765.931
287 286 7 10 3626942.422
286 287 1 6 277.149
287 280 10 6 4162.759
280 287 8 2 18.405
288 282 6 10 1917381.073
282 288 7 6 8155.003
288 289 4 2 9.259
289 288 5 10 4137041.917
290 289 7 6 2078.845
289 290 7 1 8.273
284 290 9 1 10.398
290 284 6 3 37.348
289 281 10 1 11.043
281 289 1 1 2.576
291 292 4 9 100217.845
292 291 2 2 5.47
291 292 9 3 53.746
292 291 5 4 72.74
287 293 1 6 258.906
293 287 7 9 452017.075
293 243 5 6 2420.836
243 293 1 8 25994.34
243 241 8 1 9.784
241 243 1 2 3.729
269 294 6 1 7.204
294 269 7 5 513.487
271 295 3 6 5949.598
295 271 1 6 320.688
121 296 6 10 11006615.368
296 121 1 9 53626.405
297 298 6 10 48340284.225
298 297 9 9 5139706.313
298 299 5 1 6.466
299 298 3 10 2484063.293
299 267 9 3 53.572
267 299 4 2 9.554
253 277 10 8 226151.592
277 253 8 9 1210204.817
253 266 10 4 320.397
266 253 6 8 51979.823
300 301 5 2 11.112
301 300 6 6 4083.374
302 300 4 9 916612.637
300 302 4 1 5.488
302 303 6 5 1408.184
303 302 6 9 228770.233
302 304 2 7 16359.599
304 302 1 4 23.281
305 283 7 2 14.618
283 305 1 10 117003.805
305 306 4 1 5.698
306 305 6 4 160.927
306 285 10 6 4370.214
285 306 8 4 180.091
307 308 2 10 6949986.603
308 307 2 6 821.877
306 286 5 8 56167.403
286 306 5 3 33.451
308 306 7 3 39.01
306 308 10 7 81197.043
247 244 10 9 1532371.136
244 247 10 8 88342.633
309 307 7 1 8.375
307 309 2 10 1481710.549
309 310 5 9 1988961.298
310 309 3 7 7677.004
311 310 2 5 151.876
310 311 6 7 45507.501
312 311 8 8 50803.213
311 312 8 2 16.388
313 314 9 3 55.599
314 313 1 5 173.135
249 312 5 8 148569.618
312 249 1 4 23.346
315 316 2 4 46.247
316 315 6 3 31.614
317 315 2 8 33445.814
315 317 8 7 18615.302
317 318 5 9 5897053.919
318 317 3 8 57439.112
318 319 8 3 45.081
319 318 8 1 10.097
319 320 10 9 591249.733
320 319 1 10 30556124.822
321 250 1 10 2105475.517
250 321 7 5 683.546
304 120 7 3 36.799
120 304 1 9 23675.824
322 321 7 2 14.414
321 322 1 7 4330.292
322 323 3 7 14067.232
323 322 4 9 182200.756
323 324 5 6 15900.784
324 323 2 3 17.542
322 325 9 4 138.734
325 322 10 9 161833.792
325 326 7 7 37054.476
326 325 6 1 7.855
327 252 10 3 45.174
252 327 3 7 5716.17
328 327 10 5 1763.04
327 328 9 7 41563.439
329 328 2 4 39.671
328 329 4 3 21.935
329 330 1 2 3.491
330 329 3 10 227987.103
330 302 1 5 73.339
302 330 1 4 44.771
329 331 10 9 591555.501
331 329 1 6 495.594
332 331 3 9 541712.886
331 332 1 6 221.0
332 134 8 9 173315.318
134 332 10 9 417525.941
320 333 5 7 13231.636
333 320 9 3 61.394
333 322 10 10 2344079.009
322 333 8 6 3306.544
316 334 6 7 17609.903
334 316 7 9 1122330.283
334 335 1 7 2524.325
335 334 2 8 15536.963
336 337 2 2 5.619
337 336 7 8 104406.291
338 309 5 4 212.751
309 338 2 7 8832.686
338 339 10 3 64.118
339 338 1 2 3.739
337 338 8 6 3816.895
338 337 8 8 235700.714
214 215 2 2 5.921
215 214 2 2 5.94
314 242 1 10 3393422.863
242 314 3 7 18023.057
340 341 1 10 4022071.381
341 340 1 4 19.51
213 340 9 8 125795.232
340 213 7 5 712.121
342 212 7 5 822.857
212 342 2 10 1016972.788
343 342 1 2 3.302
342 343 10 6 4537.352
341 343 5 7 10791.324
343 341 10 10 20890446.691
344 345 3 2 7.973
345 344 6 6 4554.552
346 344 9 2 20.57
344 346 3 1 4.613
347 346 6 6 2180.597
346 347 2 5 392.319
348 347 7 6 4991.973
347 348 1 3 9.127
349 348 9 7 16859.686
348 349 8 10 673141.08
340 349 2 6 3062.853
349 340 4 1 5.483
350 351 9 5 780.489
351 350 7 7 18109.725
351 352 3 5 298.418
352 351 4 1 5.54
352 353 10 4 413.931
353 352 6 7 7088.811
353 354 6 10 33412979.751
354 353 6 4 114.751
354 340 3 3 21.399
340 354 6 4 115.128
201 351 1 4 18.872
351 201 8 2 18.078
355 356 3 5 342.634
356 355 3 7 7452.207
356 357 1 10 810160.41
357 356 2 10 3466903.399
352 356 1 9 223783.645
356 352 2 9 152796.577
358 359 1 3 8.651
359 358 1 8 48299.609
205 360 10 10 3091324.242
360 205 2 10 2076242.015
358 361 6 7 10293.82
361 358 10 6 9119.3
362 358 8 8 209538.801
358 362 6 5 832.211
363 364 6 2 13.249
364 363 7 4 180.439
365 363 2 4 34.449
363 365 9 3 58.726
365 366 9 4 215.149
366 365 5 4 166.844
284 365 3 8 157154.467
365 284 8 2 16.449
367 362 1 10 1971002.601
362 367 6 1 7.35
368 367 8 1 9.711
367 368 10 9 1278712.754
367 369 7 9 7740560.714
369 367 1 4 21.974
370 363 9 10 2588726.111
363 370 6 3 34.211
308 305 2 7 4677.083
305 308 10 7 31472.908
371 365 9 8 306364.475
365 371 8 9 1019995.027
371 372 10 3 56.575
372 371 9 1 10.883
373 371 6 4 133.928
371 373 2 2 5.524
371 374 4 10 360792.883
374 371 3 9 165957.495
375 376 9 8 190385.257
376 375 6 9 3558544.388
377 378 3 1 4.587
378 377 8 6 5677.763
338 377 8 6 3819.407
377 338 8 6 1657.789
309 379 5 9 530691.56
379 309 1 2 3.669
380 370 4 5 248.792
370 380 5 3 25.853
381 377 7 7 7198.06
377 381 8 1 9.362
382 337 1 10 1584852.813
337 382 4 10 4400949.358
383 375 7 6 2810.336
375 383 8 5 831.489
383 384 7 7 44355.014
384 383 10 7 27468.342
376 384 4 2 9.863
384 376 7 6 16038.802
383 381 3 8 228815.986
381 383 2 8 29310.423
378 384 1 7 3430.661
384 378 7 9 1628470.354
359 350 5 5 455.976
350 359 7 7 16310.379
354 355 3 5 262.917
355 354 4 9 455278.398
344 385 7 1 8.764
385 344 7 6 4128.553
386 348 8 5 1156.046
348 386 10 7 27028.742
387 347 9 3 57.588
347 387 1 5 100.522
388 389 5 3 36.915
389 388 3 5 414.999
361 388 3 5 294.163
388 361 1 6 265.839
390 391 3 9 330651.345
391 390 5 5 591.78
389 390 3 3 19.855
390 389 2 8 47792.698
392 388 8 7 32754.724
388 392 4 9 116752.807
392 393 9 5 726.149
393 392 8 2 18.039
394 392 6 5 398.941
392 394 7 6 4139.827
364 395 2 4 38.974
395 364 10 10 5620617.418
395 396 10 9 2749662.977
396 395 7 9 1035043.503
397 398 9 3 53.128
398 397 4 10 1637770.765
399 139 2 5 200.185
139 399 7 9 584716.371
400 141 9 8 116016.081
141 400 7 1 8.518
401 402 4 5 828.119
402 401 5 7 26017.804
403 401 9 5 1154.353
401 403 4 7 32308.056
119 138 10 3 64.36
138 119 8 1 9.24
404 405 2 2 5.818
405 404 3 6 1399.922
405 400 7 8 175830.231
400 405 7 8 200726.464
406 407 9 8 39216.414
407 406 3 3 21.884
408 409 1 6 387.915
409 408 2 2 5.605
146 410 7 8 118352.254
410 146 4 2 10.463
409 115 2 3 12.966
115 409 7 9 954012.204
411 399 1 10 866585.279
399 411 4 10 28923050.599
412 411 1 4 25.921
411 412 7 1 8.734
412 404 10 5 1634.464
404 412 4 5 577.691
413 414 8 7 13753.404
414 413 5 10 4237568.575
415 411 4 6 2228.357
411 415 4 9 16248581.992
415 412 3 2 7.881
412 415 2 3 13.041
407 416 8 6 4191.2
416 407 2 8 45888.287
417 418 7 4 201.531
418 417 7 4 171.408
419 420 7 3 41.174
420 419 2 6 2914.764
421 422 9 7 7338.01
422 421 6 4 133.251
421 423 5 2 10.842
423 421 1 2 3.624
424 425 8 10 7832557.313
425 424 1 3 7.503
424 426 1 4 23.218
426 424 5 7 15217.354
427 415 5 3 30.084
415 427 8 5 477.08
427 428 6 5 1931.289
428 427 5 1 6.501
429 428 3 8 75397.942
428 429 2 8 17978.371
430 419 7 2 14.563
419 430 3 5 299.212
431 427 5 7 9009.056
427 431 9 10 22664245.227
432 428 9 9 833316.781
428 432 9 7 57731.871
433 434 8 10 1226834.537
434 433 4 7 15597.643
146 95 10 6 6457.82
95 146 2 5 251.107
435 436 10 3 66.172
436 435 6 3 37.98
437 438 5 3 35.309
438 437 2 8 36298.931
437 439 10 3 64.365
439 437 10 10 12171146.321
440 441 6 1 7.589
441 440 1 2 3.618
442 443 6 5 685.707
443 442 1 1 2.549
444 445 3 5 296.499
445 444 4 5 838.332
446 447 10 4 224.875
447 446 3 6 3321.981
448 444 8 10 8330238.89
444 448 4 4 89.225
449 450 6 9 385581.147
450 449 9 6 5017.367
451 452 6 3 35.694
452 451 3 2 7.746
453 454 4 4 91.776
454 453 5 2 11.569
455 453 6 2 13.448
453 455 2 1 3.551
95 456 3 3 14.855
456 95 6 8 42947.997
457 458 1 1 2.597
458 457 1 7 7374.06
452 440 10 1 11.6
440 452 8 1 9.856
459 451 6 9 549132.435
451 459 7 4 227.318
460 455 9 1 10.372
455 460 4 5 291.516
461 462 4 10 4687192.52
462 461 6 9 1412592.069
462 463 3 6 1151.299
463 462 4 3 32.631
463 460 10 9 291881.163
460 463 9 5 1308.625
461 464 4 5 318.054
464 461 3 3 22.575
465 445 5 2 10.48
445 465 6 6 2190.53
466 467 6 10 5816065.976
467 466 1 5 61.55
468 465 4 7 5456.063
465 468 3 1 4.476
464 466 9 1 10.149
466 464 9 6 6916.662
468 469 3 5 211.635
469 468 3 2 8.317
469 470 2 2 5.432
470 469 4 10 29945876.618
470 471 3 6 2150.348
471 470 1 8 8856.294
472 473 4 2 9.805
473 472 2 4 44.245
473 459 1 6 1286.436
459 473 7 5 1144.524
474 475 6 9 461989.447
475 474 1 7 11674.858
474 476 1 3 7.167
476 474 5 2 11.514
476 477 10 6 10358.188
477 476 4 1 5.674
477 478 5 8 33622.296
478 477 3 2 7.144
479 480 3 3 18.769
480 479 3 4 87.978
326 328 7 6 3598.256
328 326 7 2 16.738
481 332 8 4 155.925
332 481 3 9 175151.354
482 481 1 2 3.598
481 482 10 5 521.686
411 482 8 4 188.972
482 411 1 10 189983.774
483 484 9 5 567.683
484 483 3 1 4.487
483 485 10 7 17920.775
485 483 6 1 7.627
485 486 9 1 10.069
486 485 4 1 5.359
486 487 4 6 2298.406
487 486 6 4 163.591
487 415 9 5 1654.803
415 487 2 2 5.514
488 482 10 3 54.162
482 488 7 5 655.165
489 331 5 4 98.319
331 489 3 4 84.274
490 489 5 2 11.781
489 490 7 3 44.436
491 490 2 7 14133.415
490 491 6 4 111.368
492 490 9 4 192.46
490 492 1 8 6298.76
484 492 3 3 18.957
492 484 6 5 474.358
493 333 10 7 19428.928
333 493 2 5 272.391
494 495 3 5 333.166
495 494 1 7 4987.83
495 328 7 4 220.482
328 495 6 7 55132.184
496 382 7 10 7073990.659
382 496 4 7 15789.395
497 496 4 9 220949.917
496 497 2 5 178.867
497 498 8 5 873.542
498 497 6 2 14.905
499 497 8 7 184195.174
497 499 3 3 19.815
315 499 2 10 223245.838
499 315 10 9 1599148.025
500 336 2 9 600573.779
336 500 7 8 402748.141
501 499 4 6 1844.386
499 501 2 1 3.537
502 318 6 2 13.632
318 502 9 1 10.766
503 317 10 9 3282933.022
317 503 6 6 4217.475
504 505 1 3 6.77
505 504 5 6 2428.469
506 504 3 2 7.921
504 506 10 2 21.934
506 507 1 6 1389.089
507 506 8 7 96140.265
505 508 4 3 21.178
508 505 2 6 2889.805
509 510 6 6 2301.154
510 509 6 1 7.737
509 505 2 9 9273856.389
505 509 10 8 95791.778
510 318 4 2 9.474
318 510 3 4 64.479
511 502 1 6 1270.955
502 511 6 9 900437.06
511 509 3 4 72.513
509 511 3 8 63798.564
507 494 6 9 1329504.872
494 507 3 3 17.558
487 427 10 6 3981.77
427 487 6 3 39.957
137 139 4 3 26.754
139 137 9 5 936.955
508 493 3 9 304665.932
493 508 5 4 88.578
128 132 5 2 12.547
132 128 4 3 28.698
434 413 6 8 91692.536
413 434 7 2 15.751
83 91 6 2 13.013
91 83 3 1 4.66
153 150 9 10 7760855.26
150 153 8 8 90472.355
438 424 9 1 10.817
424 438 8 1 9.468
111 105 7 9 226049.915
105 111 5 5 1867.269
57 5 8 7 26928.756
5 57 5 4 179.982
264 233 10 1 11.519
233 264 2 10 617514.089
291 275 8 6 10061.848
275 291 5 10 7350731.244
62 49 5 9 93421.531
49 62 8 3 47.29
89 68 2 3 13.526
68 89 6 6 2982.092
102 50 9 1 10.45
50 102 2 1 3.577
87 84 10 1 11.581
84 87 10 4 286.062
301 252 8 3 58.685
252 301 2 4 30.414
221 198 7 7 101604.587
198 221 4 4 103.31
360 358 4 9 332289.67
358 360 9 3 52.317
454 435 3 4 70.883
435 454 4 3 22.473
466 464 8 5 820.631
464 466 1 9 642947.087
466 467 7 1 8.277
467 466 1 5 65.934
465 445 1 1 2.567
445 465 3 7 44749.716
445 444 2 10 2517151.046
444 445 9 8 967272.241
444 448 10 3 70.724
448 444 6 5 555.361
465 468 2 8 107690.433
468 465 10 2 23.471
461 464 8 3 45.343
464 461 8 3 48.869
479 480 10 9 1434598.811
480 479 10 7 21292.094
27 29 5 6 3125.053
29 27 9 3 59.912
26 27 10 2 21.552
27 26 1 5 105.217
3 4 5 9 674996.186
4 3 6 8 181692.798
3 26 4 9 191312.054
26 3 9 5 1078.568
24 23 7 7 5286.13
23 24 3 3 17.6
20 142 6 9 3633541.892
142 20 6 10 15627623.994
23 22 6 4 153.652
22 23 10 5 924.205
22 21 4 8 52184.573
21 22 6 3 44.926
21 19 9 10 1466782.696
19 21 7 6 1513.971
29 28 8 6 1593.065
28 29 4 7 9139.688
19 20 6 8 278637.902
20 19 5 10 1193834768.691
28 24 9 5 1117.384
24 28 2 9 597819.316
154 172 1 5 106.729
172 154 7 10 1181991.484
154 155 2 5 211.996
155 154 1 2 3.657
166 167 8 9 428753.968
167 166 1 10 3843692.998
166 165 1 7 5340.048
165 166 5 8 137701.512
170 172 8 9 317859.636
172 170 4 10 2852700.804
173 170 1 8 80502.208
170 173 5 4 124.981
155 168 8 8 246435.995
168 155 7 5 536.723
210 211 9 4 230.78
211 210 3 1 4.586
167 168 10 9 507152.844
168 167 9 5 1794.999
165 164 5 9 269654.337
164 165 8 5 680.124
342 212 4 7 8590.782
212 342 5 2 11.125
210 212 10 3 69.975
212 210 2 1 3.58
343 342 1 10 885054.976
342 343 6 7 14707.732
344 385 9 9 838139.302
385 344 9 7 20981.219
344 345 3 2 7.61
345 344 7 2 17.269
341 343 2 4 55.23
343 341 3 4 58.56
390 391 2 8 127873.605
391 390 8 2 19.204
395 396 4 5 358.214
396 395 9 10 781393553.834
48 49 10 3 65.513
49 48 8 10 10163285.925
77 78 7 9 339935.195
78 77 9 5 910.069
