5714 8.941615764110865e-09 
3243 2.585028237560988e-08 
3154 1.3842439970527046e-08 
9987 3.844570949535506e-08 
7083 1.532854520050475e-08 
379 8.140247984901074e-09 
3374 1.75983141263757e-08 
6337 1.54917901012833e-08 
3937 3.7129531193239246e-08 
2425 2.2156336213527243e-08 
5433 4.447503721208279e-09 
8158 1.0003561465407769e-08 
6036 8.219373420163129e-09 
4155 9.703934677942477e-09 
2417 7.693540575231736e-09 
393 8.379468905534392e-09 
2032 8.236866712893302e-09 
1047 4.197002717370654e-09 
6624 7.11464888565605e-09 
2119 5.170496446141662e-09 
8781 5.716472533615763e-09 
5963 5.310683174903491e-09 
1931 7.561599624407314e-08 
4098 7.79314020520755e-09 
6270 7.40662372405998e-09 
8965 7.758666387093147e-09 
6710 1.3814840943296783e-08 
5961 8.518082086363642e-09 
4757 2.5240988927774897e-08 
7404 9.696577064509035e-09 
4211 5.1444567822269555e-09 
8382 2.3194622113167224e-08 
4514 7.587736843570406e-09 
8825 1.0479399314240398e-08 
1427 1.7364863294684618e-08 
5735 1.0234398607885872e-08 
9700 5.675904334208337e-09 
8091 5.164241343585951e-09 
6518 8.027030761977895e-09 
4855 6.246124126599306e-09 
6124 1.2263704323649087e-08 
5225 8.884652813261583e-09 
5593 8.60706695195515e-09 
676 6.383172974997603e-09 
2922 5.25373954301904e-09 
3976 7.215439374458343e-09 
5629 5.3783109247120854e-08 
3250 6.155994875314819e-09 
8206 1.0442339563030735e-08 
2657 1.3917397000259499e-08 
3285 8.071972745922994e-09 
1760 4.369967269123032e-09 
5284 1.737378397544771e-08 
7643 5.970602615177484e-09 
5738 4.247780455721509e-09 
973 1.0609284480122584e-08 
3558 1.4383843252216942e-08 
9229 5.8001507444605666e-09 
2834 1.5259120126199892e-08 
2789 4.242649491738282e-08 
8815 9.9729286646413e-09 
1996 1.3893664416110736e-08 
2565 1.1146732639666888e-08 
3287 5.933104744483553e-09 
1575 1.0684210502323425e-08 
9293 5.37458629728052e-09 
128 6.766800813694934e-09 
9918 1.6833125779174788e-08 
5859 4.316578796666063e-08 
3524 9.374730771077693e-09 
754 1.1814553215632774e-08 
1840 8.021190190028206e-09 
4645 1.1950166524193027e-08 
3155 1.5111785247961217e-08 
5124 1.1239410314879857e-08 
319 4.332969137421693e-08 
5561 1.4164066488154929e-08 
5178 1.9108805234056402e-08 
1002 3.4190195605243723e-09 
5141 1.4681287454406527e-08 
8622 2.142360948847533e-08 
2767 7.08609728772118e-09 
7893 2.160874251484323e-08 
9945 1.5349609361984183e-05 
1264 4.47935032794021e-09 
7651 1.707194369540959e-08 
7465 8.481087786270727e-09 
7856 1.917919187301078e-08 
190 6.877798797502721e-09 
8843 6.072673787438365e-09 
5222 1.2101133698609948e-08 
311 7.417374602762886e-09 
668 6.4536278814465026e-09 
9215 4.700809097014924e-09 
7148 1.1871692003691432e-08 
4733 6.597803651944151e-09 
6704 1.0133276822678339e-08 
5548 1.1341582134604192e-08 
6899 1.1920240107813306e-08 
1878 1.699695381402605e-08 
6544 4.488742624776318e-09 
8963 9.956218787886446e-09 
2673 1.168813212589024e-08 
5356 4.552846094289689e-08 
9534 5.728964854161828e-09 
7736 1.598984674712218e-08 
8129 1.1895761063370792e-08 
6667 1.9485974724954037e-08 
7173 2.3187234013811835e-08 
4340 6.638481080383646e-09 
5079 7.790841173799593e-09 
4051 1.703719230104761e-08 
9338 4.097662699957408e-08 
1864 9.459400833271812e-09 
2140 2.4035435675876394e-08 
9287 6.511272698317763e-09 
8378 7.92415851057042e-09 
1298 1.1045203335171942e-08 
6148 6.8812025086264356e-09 
5133 7.679487771606111e-09 
5911 1.0147278549864878e-08 
6150 5.674987679001736e-09 
3421 6.098561285746568e-09 
6262 1.1622868640410663e-08 
3757 1.0202781919343464e-08 
3577 1.174654101483534e-08 
3611 5.943023868816219e-09 
5395 1.4248443421871829e-08 
3459 4.116259639131564e-09 
882 4.9349706541298305e-09 
5165 9.625202355197787e-09 
976 5.9250014094233e-09 
1267 6.001191718910115e-09 
651 5.162304404912263e-09 
3342 1.6955970980904976e-08 
3687 5.310937925334311e-09 
2003 8.849528491299344e-09 
2683 5.804229542523756e-09 
8766 4.21806788846249e-09 
3282 9.744128867173775e-09 
2230 6.170107511287853e-09 
1203 3.8829837865661824e-08 
1026 1.440400439103439e-08 
7851 1.1316601847125886e-08 
6466 4.3094705534240003e-08 
7842 1.425761397258387e-08 
4213 1.1097281279342543e-08 
4440 1.7116567167265156e-08 
9044 2.006254969870013e-08 
1045 1.1143425803850429e-08 
910 3.007935072042332e-08 
2869 2.0298969657801645e-07 
726 1.7122750079303414e-08 
5889 9.808038932564676e-09 
9585 1.8913851669100437e-08 
7253 3.8594327587525984e-08 
4564 9.779496552299836e-09 
4383 1.1545109825615574e-08 
2955 2.7191151566355147e-08 
8661 1.4821893092866953e-08 
295 1.4418393650241293e-08 
8470 4.844262643265477e-08 
6233 1.6403557465203677e-08 
3292 5.940571938664249e-09 
6632 7.758936237858144e-09 
9037 2.4836181270490674e-08 
5489 6.56466025094303e-09 
3776 8.298302272332497e-09 
5834 1.6418640178114327e-08 
836 6.470065035384803e-09 
7239 1.4382564272365228e-08 
7654 6.0878808348652225e-09 
8612 4.92282682360587e-08 
5328 1.1984567173189097e-08 
824 5.4855610724397624e-09 
7568 1.8099025490673527e-08 
7143 4.414746995707805e-09 
834 1.0729981387994428e-08 
2249 3.9774781203025245e-09 
1727 7.799174799147553e-09 
3876 5.32651278140929e-09 
6450 3.617711524632212e-08 
5036 7.078626969086663e-09 
6034 5.676588815976477e-09 
7266 3.86602745953632e-09 
4836 5.998607494842739e-09 
8257 3.6673610853861505e-09 
3827 7.836206363702816e-09 
3559 9.808605191193205e-09 
9244 2.1750142496031102e-08 
9427 7.4191296979640026e-09 
4222 6.1150889434612166e-09 
4847 1.3492037428475614e-08 
4003 9.85584091108601e-09 
1515 1.4291433869119928e-08 
2390 6.297234436160315e-09 
1625 4.785103642533997e-09 
2719 6.148744196091127e-09 
4352 3.733951935407792e-09 
6159 9.238996242968284e-09 
1999 4.271494212591126e-09 
2655 8.51866541228593e-09 
9424 1.1961992262173038e-08 
9691 1.0028323115928578e-08 
1799 3.701338683898686e-09 
9109 2.12637394359492e-08 
8708 9.770232477224194e-09 
3513 7.046230007671031e-09 
4843 1.685837636118204e-08 
8425 8.948205989112862e-09 
2968 1.1011583831506584e-08 
6785 2.5127785053609948e-05 
1196 5.493287661339705e-09 
6718 1.310429000196938e-08 
8455 2.761756945129836e-08 
637 2.569438128299247e-07 
4016 7.57083515648925e-09 
630 7.516324907527044e-09 
6020 7.918528672178071e-09 
5385 4.76478225603337e-09 
6058 5.129527769339934e-09 
1532 6.369528432402754e-08 
2305 7.768945998784635e-08 
4405 8.951593743057422e-09 
5655 7.119072270925231e-09 
3343 2.661976331882034e-08 
6622 2.2796514842439355e-08 
2533 7.425595896200579e-09 
183 4.07622109872309e-09 
3747 8.600317740739202e-09 
9980 3.972027000012776e-08 
8289 6.07922699116456e-09 
5579 1.3139740860255641e-08 
146 5.267673736878559e-09 
9216 3.71807231976779e-08 
9423 7.694744011345518e-09 
8862 1.6806784618964704e-08 
6172 9.601352541905965e-09 
8888 2.96578887604192e-08 
2811 4.777514475175215e-09 
3369 1.0297580574922596e-08 
4207 6.024538159359397e-09 
6228 5.8400585862487114e-09 
5623 9.6070830938981e-09 
4933 8.832879543453978e-09 
5921 1.493481705254658e-08 
7264 7.0035586358097035e-09 
6720 3.3518436780462235e-09 
9226 7.61183844926426e-09 
8375 1.0604364575035954e-08 
7261 2.3399427783094874e-08 
5095 1.139941126302585e-08 
748 5.9791240149091596e-09 
6507 3.503692668104159e-08 
1487 5.456201004243669e-09 
8692 6.5026655793939264e-09 
4091 6.3575040802534705e-09 
7425 1.3525748047949447e-08 
759 1.721994906465473e-08 
9859 1.1259489165137658e-08 
7611 5.51244849138037e-09 
2915 7.09305552184028e-09 
6080 8.001447332072094e-09 
4881 1.1445771264692421e-08 
3216 1.186757136323064e-08 
5662 1.0531962242208912e-08 
8784 7.0928429535960236e-09 
2873 6.0848491872326355e-09 
7234 2.3396159020013484e-08 
8132 9.759870224176383e-09 
6110 6.276555851014026e-09 
8734 4.880893231685307e-09 
1163 7.862510554841433e-09 
7022 1.0278261983924855e-08 
9633 2.6017801873937183e-08 
1782 6.8780966636181745e-09 
4064 7.515153274857689e-09 
6014 5.9083069701895e-09 
4199 1.1688503929064425e-08 
3820 3.247052268929478e-08 
8287 1.5912090234630402e-08 
1610 5.037332792209859e-09 
2285 7.899904188929038e-09 
3955 9.988898978905043e-09 
5440 7.235467038230539e-09 
8744 4.485154684067891e-09 
5964 9.231566613031837e-09 
1438 7.2048242912101795e-09 
3069 5.812907547669832e-09 
3651 6.255483862892611e-09 
6531 2.0714054402672707e-08 
7302 1.0798944371213405e-08 
3775 3.518323348564962e-06 
5899 1.2221945498410228e-08 
7649 1.6587932711936097e-08 
7293 4.74338127456897e-09 
4944 6.2937676582972696e-09 
4927 1.8552667378291324e-08 
7018 1.7334820596862956e-08 
3607 6.856761174470205e-09 
7672 1.1230954190190497e-08 
6156 1.2048359811786882e-08 
7435 1.2278633621030759e-08 
3368 9.561349011795103e-09 
6363 8.556184040464133e-09 
7170 7.889451697951251e-09 
6094 1.636891667464212e-08 
1371 1.5001538221826212e-08 
3909 9.762040819260263e-09 
472 1.9718511989896825e-08 
6715 4.1279753958248016e-08 
3991 5.360541373202604e-09 
8893 6.605150099396259e-09 
267 8.31842301908959e-09 
7784 1.1763763398727617e-08 
5322 4.826949317028942e-09 
1058 5.806806171321233e-09 
734 5.962598699071203e-09 
1245 1.0298894701139295e-08 
1043 8.279023829449624e-09 
2918 6.621118793645117e-09 
2787 1.0625427643209256e-08 
817 7.3796509714695036e-09 
4394 9.501268187581818e-09 
9234 9.548080280303954e-09 
646 6.960802095747759e-09 
6195 4.868059997427052e-09 
950 3.736029026773992e-08 
3147 7.75343466036596e-09 
1910 5.6816239165681515e-09 
2431 9.195535890030304e-09 
9331 8.773910988263238e-09 
7451 7.854010168899424e-09 
6774 4.536134058435656e-09 
4856 2.8274608018569094e-08 
1514 8.515832404152289e-09 
7968 8.887335573742362e-09 
8446 1.0118540794959094e-08 
4390 9.101346174758204e-09 
4416 3.714226165152834e-08 
3237 7.53385077977356e-09 
5870 2.5657339552378946e-08 
7381 8.653907057534077e-09 
9632 9.708944044778747e-09 
4235 8.229576623788003e-09 
1424 8.614878586974545e-09 
233 1.5987540020155622e-08 
3662 6.00950112220576e-09 
4983 7.3274552356717565e-09 
6609 9.338521865737484e-09 
1521 8.113986939812883e-08 
1973 5.649793202505346e-09 
8003 4.713478999902182e-09 
8209 9.063086390094857e-09 
9143 5.769905382039392e-09 
8513 4.786214840681315e-07 
4348 1.5686463005924398e-08 
2080 9.463150762133166e-09 
2519 6.772755327486696e-09 
129 5.8358485439946595e-09 
5070 7.645047983995817e-09 
6219 8.560561138323645e-09 
6959 7.630284216530309e-09 
6885 8.237604374452742e-09 
5044 1.6101422448003364e-08 
799 6.187042262848982e-09 
2064 6.195862506429631e-09 
6883 5.066334865522215e-09 
6886 1.2401809404189064e-08 
246 4.7338443245632106e-09 
7679 5.090482549157879e-09 
9999 6.562014195476279e-09 
4384 7.658987786650015e-09 
4345 7.560357488710714e-09 
2522 7.618155784807831e-09 
9708 1.3135680443430824e-08 
9705 5.783429064647183e-09 
5497 7.2420140587517445e-09 
3260 1.1680092277263979e-08 
4075 1.694705372150447e-08 
1324 6.517352553253239e-09 
3225 7.513046557279524e-09 
8559 1.1859289698597057e-08 
7304 5.761873706671208e-09 
4164 8.560771480917682e-09 
7795 1.0658335673242869e-08 
4597 4.181415893438414e-09 
4958 6.174976716587233e-09 
1156 1.7535057964131705e-08 
3327 1.696927200470731e-08 
2000 9.787504960472558e-09 
5500 6.314381883467876e-09 
3646 1.8457826083588622e-08 
8027 8.669618831755148e-09 
6154 1.5423760568213096e-08 
7185 2.1276077582621077e-08 
2756 3.220541823349167e-08 
6026 1.299765836875865e-08 
5546 2.5399569757449288e-08 
4201 7.161901919390187e-09 
3171 1.4524292062617985e-07 
7677 1.3535690394049504e-08 
911 1.0354252179180928e-08 
9163 6.750414368843628e-08 
6100 7.50786916014004e-09 
1845 5.034909966551769e-08 
1316 4.054714878957977e-09 
3434 6.94635598043683e-09 
2871 9.84077871458728e-09 
850 1.2003615642588138e-08 
4939 1.518786973562971e-08 
857 3.641046762069234e-08 
2651 5.4802100381539515e-09 
9500 1.7406594634856304e-08 
5678 6.7083849434636245e-09 
1205 9.19867362782125e-09 
7224 1.1259478596985402e-08 
327 8.320086343298859e-09 
1572 7.748148910121343e-09 
8050 8.947796219997521e-09 
7765 3.0310829705817045e-08 
1057 4.926374223704691e-09 
6204 9.73797081003664e-09 
8931 7.134878708247444e-09 
8230 1.4781076124463673e-08 
6482 9.455785919022797e-09 
105 1.633309911603341e-08 
5746 7.815163990021641e-09 
1202 6.310515314076823e-09 
4326 1.8686995355635116e-08 
7671 6.725462450190081e-09 
2580 1.5699778633171055e-08 
7326 2.5837091431070956e-08 
5836 9.966219963880585e-09 
2129 1.0055658500318643e-08 
2967 4.732074953888929e-09 
6790 7.10470806535371e-09 
4766 5.965531153914391e-09 
9268 4.669992262904335e-09 
7482 7.95724695466446e-09 
3601 1.2864100730502516e-08 
4226 5.218452055243475e-09 
9213 1.1668043421644153e-08 
5761 4.624469010635832e-09 
6636 6.436766368175806e-09 
1706 9.331081056809278e-09 
160 5.9374392548058354e-08 
8739 5.582078667354384e-09 
4865 8.412677310527285e-09 
104 6.782335860034544e-09 
845 5.54650240341438e-09 
3335 9.173889664853413e-09 
6170 1.4914500905344533e-08 
5185 1.0480582095218592e-08 
1123 2.498536795948053e-08 
699 3.053095493050573e-08 
8440 1.049805719449421e-08 
2136 1.2342978854924455e-08 
2213 8.139894407382248e-08 
8461 9.483560841684092e-09 
2465 6.503985698104453e-09 
3272 6.6941793339016925e-09 
7614 7.99962457032668e-08 
5372 1.3601596000000458e-08 
3668 1.666693446461271e-08 
4568 7.2496901190599594e-09 
5491 5.896393201173036e-09 
3957 8.128422770048611e-09 
8239 8.35654919697712e-09 
9778 1.0262205577503403e-08 
3455 1.7585755290405822e-08 
9953 5.3249202399893725e-09 
5265 5.9090907057938415e-05 
7495 1.1170888628399614e-08 
6578 3.817784589767864e-09 
5790 2.5463375800201162e-08 
4731 5.0336995810734e-09 
2388 1.5197892369502725e-08 
2328 7.689244930337256e-09 
7179 1.4940182347560407e-08 
1055 6.011441727217515e-09 
5174 6.395798932568725e-09 
5721 4.106282329709664e-08 
4620 8.65203907455224e-09 
5419 4.647831539777991e-09 
4936 9.93544725896682e-09 
178 5.5853244436149946e-09 
14 9.150053145723369e-09 
6425 5.929633400177797e-09 
8014 7.331319556210664e-09 
8810 7.254611011312667e-09 
3564 3.140741606659546e-08 
3416 4.280050084097195e-09 
6717 4.249853287791492e-05 
278 6.913946899375634e-09 
6329 4.933314138493364e-09 
6290 9.151006745961965e-08 
8947 1.1007727988669724e-08 
3722 6.814399410200178e-09 
5762 7.53236105866667e-09 
8842 8.587018983678349e-09 
4682 2.5790307941445274e-08 
6409 1.0436703645299965e-08 
1357 9.128273455584306e-09 
9286 4.68582587488664e-09 
8574 1.256815088091466e-08 
3400 6.827864085104732e-09 
4930 3.7351009645760457e-08 
523 9.580638090050768e-09 
6229 3.852554258682722e-09 
3554 7.63879064733311e-09 
1946 6.573129089203905e-09 
2957 9.01680969863164e-09 
4947 6.906478356230594e-09 
8324 6.3118146234782124e-09 
7065 8.171633044166092e-09 
4225 7.728277286096637e-06 
5032 6.953771110361842e-09 
7754 4.860975235396539e-09 
1027 9.287493911486587e-07 
7492 1.8981821268775588e-08 
2732 4.207343934402655e-09 
2418 5.556268530557476e-09 
364 7.158038173044751e-09 
5971 6.410133483259264e-09 
5479 7.447437908123661e-09 
2256 1.1043066200084987e-08 
7019 8.092323432553651e-09 
7623 5.648077205152452e-09 
3492 2.0070581500215238e-08 
6838 7.038687728153081e-09 
9916 2.188084704119993e-08 
6054 6.42570209454657e-09 
6818 7.615118464195797e-09 
1305 2.6256110113994854e-08 
8243 2.5075315320346493e-08 
9201 6.6484146452050474e-09 
8933 6.680567043787153e-09 
8700 7.707590514503641e-09 
7161 8.200217560538903e-09 
6179 7.826984292028799e-09 
9505 1.2748157208141396e-08 
4209 5.8593145465732355e-09 
2704 8.493202135724867e-09 
714 2.51767296213486e-08 
9133 9.963858085826338e-09 
7058 1.1346363202181624e-08 
9596 1.7174537012714687e-08 
1088 5.0867625452522686e-09 
3487 3.6963988597413233e-09 
1620 1.0787770605741494e-08 
2537 2.3150777084051614e-08 
4193 1.1412517003260222e-08 
3246 9.575940251686788e-09 
4237 1.1020718038894442e-08 
149 9.242634373346839e-09 
3898 3.4249765080789606e-08 
5743 2.3726397512977785e-08 
1376 1.2241916047170918e-08 
5912 4.84154753571317e-09 
2321 8.144725418732755e-09 
4022 5.808987798379059e-09 
3660 1.0690357747037554e-08 
2576 3.068819829699955e-08 
595 8.658000595091343e-08 
3012 7.652636679509814e-09 
1408 1.0663002423952697e-08 
255 1.026131568604427e-08 
6400 1.0947640755303717e-08 
7766 7.302502588952056e-09 
24 1.5229382861032224e-08 
7982 4.579971786371206e-09 
4524 6.069035934832406e-09 
8374 1.0645866472766032e-08 
7088 6.892732574374089e-09 
4585 7.1084708982809e-09 
3456 2.064261170174218e-08 
5038 5.041277898170521e-09 
804 8.881237424304689e-09 
764 6.010956512701379e-09 
5814 5.1975158356885875e-09 
9811 1.390293036360353e-08 
1199 3.6846875372913146e-09 
729 7.957627279776142e-09 
5014 7.509687551063987e-09 
451 1.5754723047640626e-08 
5235 5.939077700987949e-09 
3859 7.059266129749763e-08 
2392 8.140326502713985e-09 
8556 7.540184507152936e-09 
2408 8.0306236127127e-09 
3735 9.75984081302405e-09 
7283 6.0626301038885916e-09 
6601 2.1802439630156517e-08 
6582 1.983326937654139e-08 
7288 5.822448849879952e-09 
2624 5.262167434650147e-09 
5925 1.1675981268096346e-08 
4728 7.466737964902104e-09 
8621 5.844294888529902e-09 
9060 1.8816975971911853e-08 
3020 1.3778002462749232e-07 
3049 1.5886351114214204e-08 
8106 3.026046655168601e-08 
6265 9.487415432375863e-09 
2053 7.150139093000177e-09 
9740 2.5952378319342526e-08 
1314 6.014695776374382e-09 
3028 5.182985317840616e-09 
1585 6.769850067903441e-09 
1250 3.607323536945371e-08 
5371 1.505726030166278e-08 
7444 2.7635888634220274e-08 
2108 6.359439577228294e-08 
4454 6.3366413600648985e-09 
8799 8.431938799307107e-09 
1066 2.0307986324530087e-08 
560 7.3002127648057885e-09 
5450 1.1933365933218185e-08 
3675 6.683760423592533e-09 
3799 2.2910691090702144e-08 
661 1.4943188908489446e-08 
1377 5.278282952424565e-09 
1017 7.815759862331469e-09 
4186 7.877977112021387e-09 
426 7.904664835992233e-09 
97 1.192675045205184e-08 
2559 4.7958107853506796e-08 
2474 7.2132166528855735e-09 
5701 7.196721039199813e-09 
9961 6.404542400974614e-09 
9401 8.669635584305016e-09 
9153 1.1365786272430137e-08 
551 6.17128551256077e-09 
5325 8.858959121837984e-09 
2451 1.1731447753342283e-08 
8817 7.238878500749266e-09 
8331 4.1745859404154545e-08 
4283 5.472355341876872e-09 
3676 1.1460662291472128e-08 
8118 4.754917917737522e-09 
3834 5.1273604817232005e-09 
9218 1.1920071823481523e-08 
7790 4.677103513294964e-09 
816 9.30645340511179e-09 
6791 1.2940755557628095e-08 
9203 4.546452753986449e-09 
4850 1.4027665560709633e-08 
7412 7.584720125835415e-09 
4196 8.182578377022298e-09 
4008 1.384952472355868e-08 
8587 8.169138595182784e-09 
9307 7.76506132267249e-09 
476 4.276166073362633e-09 
8569 6.384073275448113e-09 
2439 5.669693439562529e-09 
1626 9.038544373455443e-09 
1623 7.63139389355072e-09 
5022 7.103522851751101e-09 
448 5.171401449210675e-09 
7697 6.500419681264996e-09 
2325 1.4466104074936474e-08 
291 7.923210114477858e-09 
4683 1.866723016826421e-08 
8361 7.114894619211082e-09 
8948 8.974666336047238e-09 
4704 5.152606281588431e-08 
740 9.15271011075764e-09 
6648 4.743880607565795e-09 
3592 1.3957599815836962e-08 
7168 6.041809395883682e-09 
8726 6.79295970775623e-09 
1221 7.8274877252614e-09 
1083 9.520167645860576e-09 
2411 5.120191106603583e-09 
6099 7.067234365429331e-09 
3835 9.313575471936973e-09 
1269 4.744224980967118e-09 
8879 1.390149668187117e-08 
2340 6.467889429118481e-09 
7503 1.3670388583067114e-08 
4694 6.059703947826345e-09 
3156 2.292376115488456e-08 
442 8.449495007205148e-09 
3624 8.198059838837937e-09 
9448 7.02769508667718e-09 
4241 9.407231905890663e-09 
7440 7.538266076894534e-09 
1527 2.205821879384777e-08 
1789 1.0963423608192913e-08 
2191 6.729579766053331e-09 
2423 6.985813602719201e-09 
7428 9.104316483869723e-09 
1720 1.951509309738083e-08 
5614 1.0189199674422687e-08 
6175 9.044990423204106e-09 
4010 7.519931285527096e-09 
6696 3.766746610309917e-08 
7867 1.6772473362112496e-08 
2934 5.67379702682419e-09 
9765 6.9848136413207945e-09 
9655 2.0009988381097105e-08 
9913 7.981678363925583e-09 
3173 3.045500674802963e-08 
6318 5.6388624006687565e-09 
5949 8.654862240406978e-09 
6562 1.002418456152055e-08 
8848 5.870889665908485e-09 
4723 7.2298568024303095e-09 
7295 7.935223673028596e-09 
5330 1.0995024099296966e-08 
8224 8.056637345005106e-09 
3574 7.827149433366903e-09 
7167 4.564088455696197e-09 
4713 3.525023325258491e-08 
6859 1.0732421514220505e-08 
173 4.841045001284169e-09 
159 1.2665950494916527e-08 
2953 4.893659592136723e-09 
3039 6.266325234313003e-09 
8655 5.570711925605154e-09 
2556 1.5685192092862107e-08 
289 5.730628666478915e-09 
1823 6.7743755583458964e-09 
2466 8.310104814674389e-09 
6945 8.63532613514309e-09 
881 1.1056448841434245e-08 
8928 1.61501578553689e-08 
1063 6.5896282612411955e-09 
6711 5.277231396663695e-09 
4672 5.130912333894955e-09 
2116 2.194915552290082e-08 
1909 4.246225145533144e-08 
2713 1.598313654278989e-08 
6726 2.0048443438889163e-05 
751 8.955861828508459e-09 
8594 9.029589989129408e-09 
4287 1.841171973983961e-07 
1530 1.3072317932229412e-08 
440 7.163100595748012e-09 
6116 9.9960777862583e-09 
3377 1.2713723104135731e-08 
9471 1.964529601180317e-08 
9755 1.7704539926287604e-08 
5354 5.32847095329077e-08 
3814 1.0299339174590395e-08 
946 7.115291121052858e-09 
2424 5.801605027552087e-09 
951 7.093608506798452e-09 
7715 7.53697690153085e-09 
3938 1.193760310101797e-08 
8074 1.0404525743572257e-08 
719 7.772992692545427e-08 
4739 7.07751877850743e-09 
7409 9.185247483727184e-09 
5741 6.8965291368308645e-09 
7222 6.53863886060542e-09 
9073 8.774016956448853e-09 
1998 1.1544326954777105e-08 
923 5.8580878119305485e-09 
1343 5.858173055808477e-09 
5046 4.076647015403487e-09 
5884 5.555511945658578e-09 
5244 2.4300292876392512e-08 
5398 4.208904096341531e-09 
6028 1.0114673305839338e-08 
8351 1.729552599023191e-08 
4504 1.4247402271632889e-08 
6722 7.781474841458795e-08 
1189 5.506048927775634e-09 
81 9.087097113300545e-09 
3585 5.9074261351795346e-08 
2452 8.672680930723632e-09 
4878 4.728962654191454e-09 
4044 1.5759771708674132e-08 
2104 1.5521400594810907e-08 
1258 8.748350885292439e-09 
8927 5.204523065991012e-05 
4806 2.4038662970718352e-08 
9320 5.344373400426039e-09 
3865 1.3795064191662876e-08 
6940 1.3001537057795269e-08 
3500 1.0118603929677901e-08 
4403 5.671761441582157e-09 
4967 2.216313305943669e-08 
6956 4.895751121126654e-09 
5649 8.401032601133493e-09 
7132 4.026346199373712e-09 
9403 1.2445817446587017e-07 
3519 1.0998989510846435e-08 
6169 1.4632420280752574e-08 
7469 2.2599227457009274e-08 
4505 5.1099218116405776e-09 
7411 7.409984046713794e-09 
303 9.81568078184912e-09 
7890 5.864829158777618e-09 
6970 7.788558924106542e-09 
4550 4.334243107429955e-09 
4311 2.7029600555830355e-08 
6157 2.2350533590456516e-08 
6681 1.961026348636574e-08 
5315 7.1550403481831365e-09 
1847 7.965548431249601e-09 
4420 6.125690940605999e-09 
1213 6.024995209772538e-09 
3025 9.392327751374212e-09 
3941 1.262339513041083e-08 
8519 1.3990059536295348e-08 
3811 5.576279166067191e-09 
8264 3.038211111448981e-08 
9142 6.726398137481618e-09 
1099 2.6662098207886915e-08 
1108 5.2067728939161895e-09 
7095 4.797472914590262e-09 
4763 4.024482016520489e-09 
1995 7.266674980277096e-09 
100 2.130986194383462e-08 
1127 5.2894657150397845e-09 
854 1.872873009852111e-08 
4336 2.2027841369909925e-08 
2049 1.2922675221788485e-08 
9463 1.1482696802731993e-08 
3234 2.1028768323720377e-08 
2327 6.290663436838394e-08 
9397 6.0441327687146135e-09 
7636 7.885764510134896e-09 
7809 8.02313742222574e-09 
7806 5.459243047423526e-09 
3068 1.3622181972271913e-08 
2091 8.757165772046993e-09 
4362 1.430294082338117e-07 
4057 7.863618651223825e-08 
1361 9.911654480238702e-09 
3745 5.603518790251935e-09 
1554 1.3092349687563766e-08 
3510 1.3050503401795636e-08 
7270 1.2597912257979703e-08 
2997 8.24725153144093e-09 
6900 1.674815986010868e-08 
6486 1.1284596056638369e-08 
5429 8.530643426894746e-09 
9504 1.9022497780738987e-08 
1581 5.6489278753811545e-09 
2692 5.50188793742995e-09 
273 3.1141832433113914e-09 
7441 1.496902599105646e-07 
2832 2.9512890482646345e-05 
4135 1.1413593467915484e-08 
199 4.0650186183599285e-08 
7853 6.982605037578193e-09 
1960 1.634942229419411e-08 
2755 8.386971336610954e-09 
7102 6.221610827873356e-09 
8601 1.2249668425012156e-08 
5058 8.84768774369292e-09 
8648 7.577305573216431e-05 
3744 1.0331837506198649e-08 
9408 7.43077281325534e-09 
3099 1.6218331982411315e-08 
3908 1.5513870172778436e-08 
9190 8.664703281583384e-09 
2430 5.603471624421666e-09 
9185 3.783459416736249e-08 
2265 3.1240553800512046e-08 
2243 1.0798728966696265e-08 
6546 1.874390318960657e-05 
8111 2.624706639181851e-06 
7956 7.740847385285209e-09 
8310 7.393190932071872e-09 
8318 1.3791609015413597e-08 
6483 4.401850353186534e-09 
9899 1.081966249005719e-08 
2614 1.4980385920019407e-08 
4462 7.109623353799069e-09 
4238 7.305516832104009e-09 
4023 5.514568025312416e-09 
48 7.525591916345345e-09 
8181 1.2310783510335356e-08 
7338 6.831318703206732e-09 
6328 8.872095870905011e-09 
5370 6.097462282046023e-09 
5796 4.127920636819854e-09 
7420 7.471922863419578e-09 
1873 3.8311468702340035e-09 
9365 4.81106360624285e-08 
7339 2.0676837826877174e-08 
7369 6.23067386747167e-09 
8581 8.847804969258112e-09 
7162 1.4119012506884354e-08 
678 1.3110023117123872e-08 
5703 6.9286049209169726e-09 
6687 9.258807874903963e-09 
5130 7.283024611344502e-09 
4067 6.2906225521599385e-09 
621 4.676957753805416e-09 
1297 1.4202426032285202e-06 
8623 1.8726830780415975e-08 
75 4.9870570576794615e-09 
3048 6.083009967050232e-09 
8755 6.864361880775868e-09 
2120 1.0816960442161863e-08 
6112 3.701394285255538e-09 
612 1.7659284453231533e-07 
7640 6.458703510485745e-08 
9601 4.978517437496596e-09 
619 2.5713619128484716e-08 
4866 1.5526288229807074e-07 
5713 6.726448221333614e-09 
1404 5.937270097658778e-09 
6742 2.395859087376195e-08 
9351 7.3228196423302805e-09 
1699 7.933616443379747e-09 
6197 5.609165267244504e-09 
1638 6.77104863670841e-09 
8856 8.806404461344716e-09 
3829 1.398581967251844e-08 
4556 4.124926280104149e-09 
5102 2.0748433575954774e-08 
9984 6.821269899620619e-09 
8179 9.279598427126487e-09 
4181 5.234254968691787e-09 
6901 4.6166207688419676e-08 
7960 6.549578891604582e-09 
765 3.6405959870020044e-09 
3127 7.322496951020843e-09 
3071 5.9749009351239835e-09 
5093 9.083702002718984e-09 
8770 5.501301088501123e-09 
8356 1.7638285331215628e-08 
1671 3.60178028504729e-09 
2613 6.288156263268077e-09 
8137 9.903608837961292e-09 
2196 5.8010093037481414e-08 
4751 1.4376594244833e-08 
6311 1.354629281674364e-08 
3194 7.139849033397164e-09 
4244 5.593633161478026e-09 
5708 2.0901410220219158e-08 
8387 1.0261625032993368e-08 
3975 1.231787639238962e-08 
4639 9.22413562014484e-09 
8391 6.42313655301735e-09 
8984 7.15973045759509e-09 
1224 1.135511108101353e-08 
9170 4.940476682271933e-09 
3217 7.996445801307026e-09 
1089 6.4855186876315585e-09 
8278 3.893819318628172e-09 
9081 5.747927326812952e-09 
1157 1.323050893972319e-08 
7336 8.034883869898791e-09 
6187 6.059187695204096e-09 
2794 4.877201149671925e-09 
1982 4.89679039786424e-09 
8593 1.0570734274126421e-08 
8195 7.710248398616094e-09 
546 4.7639770661342395e-09 
1337 9.32883263975344e-09 
2803 2.485517013929052e-08 
5928 5.317458498608346e-08 
87 5.0521593694587835e-09 
8809 5.221761364884031e-09 
7245 6.53930332518253e-09 
3704 1.0338094423383536e-08 
4467 4.659467765181363e-09 
1618 1.0654397713909247e-08 
9623 5.543593259351581e-09 
108 1.7611873864668837e-08 
3405 1.9343792370684915e-08 
150 2.1332069957691324e-08 
7559 7.325653491587966e-09 
2896 1.3516339054833564e-08 
3141 2.4793342638543357e-08 
4048 1.0562658838298572e-08 
3305 7.712286547237324e-09 
3286 1.0909914504361046e-08 
9818 1.0815511168734901e-08 
536 8.904006013510553e-09 
3652 6.695415173240543e-09 
227 1.1679193157943316e-08 
7820 5.247259498653359e-09 
3760 7.785881660313937e-09 
6356 5.257211051066835e-07 
1379 2.2069630099992577e-08 
6819 9.144210484082413e-09 
3043 9.0836322821225e-09 
633 9.47582262428217e-09 
4617 7.499020779561452e-09 
3677 1.125475236618545e-08 
6730 7.395740763728453e-09 
4422 1.0468286220722059e-08 
5260 6.344983364886189e-09 
2277 6.792712341609566e-09 
1452 5.5741394453748955e-09 
8396 5.579531915482494e-09 
8418 9.463814629206459e-09 
5866 1.271557678996036e-08 
9166 8.13606096362017e-09 
5725 7.974375739274765e-09 
2259 1.1441643946413609e-08 
9272 6.894210862135389e-09 
4681 3.067482084496715e-08 
2132 6.403493320230463e-09 
3470 7.690938064793679e-09 
8416 9.415677079053879e-09 
4875 7.481694827039809e-09 
7554 7.3737150534797236e-09 
6563 8.908437468388083e-09 
5396 4.1456226488738616e-08 
7380 4.509633126344517e-09 
5882 3.339430259668161e-08 
1918 6.730524823236883e-09 
6880 1.371526282345839e-08 
9651 3.3664401539838795e-09 
6854 2.3247287022384704e-08 
6976 1.12655842747977e-08 
8156 6.496451560473191e-08 
8411 1.1726905620830161e-08 
9726 8.92195971150065e-09 
7997 8.1803525770743e-09 
9657 5.434398555942063e-09 
9793 8.467409625453198e-09 
111 1.2579872016261692e-08 
332 9.10347122326776e-09 
8410 6.157226518574421e-09 
3477 4.413410527879039e-09 
1040 1.4389046570353545e-08 
9045 5.994537370180089e-09 
1036 6.432136263499408e-09 
2469 5.44440683790566e-09 
3078 6.230443405337918e-09 
7992 9.770181922394774e-09 
8930 8.39306974181192e-09 
6033 7.116929748004e-09 
8253 6.280280728625243e-09 
4548 7.923250174555509e-09 
1435 9.558294896024055e-09 
8890 9.633575725987928e-09 
2757 1.0187685222013722e-08 
8452 1.0640158962130046e-08 
6848 1.1294190667876687e-08 
8653 1.1501133855289399e-08 
6298 8.093699915140418e-09 
7000 1.6045775157842116e-08 
3965 1.7476944416357828e-08 
9683 8.705244531188828e-08 
8732 5.7684199530720626e-09 
1806 4.1370692866344585e-08 
3787 1.5415542799408245e-08 
1846 1.1734691097954261e-08 
1887 7.491754293537448e-09 
5533 1.2035410892506301e-08 
1151 1.3361409404995077e-08 
9801 7.163782248399003e-09 
4501 7.428167041320308e-09 
8354 6.047164162210211e-09 
2524 6.635301516344288e-08 
6534 1.0352676971443243e-08 
3920 1.2363309035931004e-08 
745 4.481493218839658e-09 
2548 8.289285376053383e-09 
4919 7.08041840609408e-09 
7648 7.721137393508493e-09 
4265 2.5808876248601884e-08 
7357 6.2028451088599196e-09 
2830 1.6927666996423285e-08 
6869 1.1022585871172177e-08 
7198 3.282247917538563e-08 
7353 4.995006244561118e-09 
6351 5.974332582250538e-09 
5263 5.666798403572079e-09 
9093 1.4609372119282933e-08 
9354 7.2635073576458875e-09 
6523 1.3823654968761132e-08 
4459 2.1239685441204817e-08 
5349 2.2109951466626598e-08 
9867 3.641219941449142e-09 
3503 6.594675140605272e-09 
9641 1.5380741518085383e-08 
782 8.218948872830076e-09 
5157 1.1627277402069362e-08 
1597 8.923386609596858e-09 
5005 1.1015438914751402e-08 
731 1.1283659481927354e-08 
167 5.337660495671401e-09 
4130 7.350064185540281e-09 
1465 7.693597099136217e-09 
1153 4.58891933285098e-09 
1306 2.5453227221934344e-08 
6911 8.189267041618445e-09 
623 1.4085068262948803e-05 
4624 8.926674932986482e-09 
8321 7.109072171720032e-08 
409 1.3862715079592663e-08 
2034 8.804589701522265e-09 
3199 1.4598716052867389e-08 
9900 8.674471532244855e-09 
9432 8.114107035795196e-09 
1397 5.079714043496053e-09 
8124 5.680031717972961e-09 
5097 6.935499911354948e-09 
4778 1.22583891611205e-07 
5289 6.480563156637323e-09 
8560 8.244051106815094e-09 
8588 4.712150355242611e-09 
6727 1.2653448587204331e-08 
2046 2.0367985285516237e-08 
4491 1.2343496195109903e-08 
3765 8.069292521933197e-09 
7433 9.138427749331296e-09 
2124 3.504516962659599e-05 
8660 8.289093084016055e-09 
7656 1.6603849409312435e-08 
4353 6.103039333453519e-09 
4660 1.315165352461646e-07 
9329 2.2294568670692093e-08 
666 1.0088590311893228e-08 
6674 6.436856634295038e-09 
2262 8.972477383902694e-09 
3338 7.397435453472892e-09 
3128 4.3825888144249925e-09 
525 2.3438624270784563e-08 
2812 4.77385284406405e-09 
9847 7.831775007596103e-09 
6961 6.275044534334584e-09 
1300 9.06931999389727e-09 
3848 1.0380567016534357e-08 
3494 4.503651223654315e-09 
1563 5.497850387838413e-09 
5557 6.276856608262993e-09 
5216 1.498874029363592e-08 
4027 1.1615945333214028e-08 
4178 2.0217790830932315e-08 
1814 6.414410832133663e-09 
7545 7.09427667327546e-09 
4601 7.582980022765098e-09 
4216 1.145635204020598e-08 
2076 8.704568231032543e-09 
9330 7.537072055450317e-09 
3673 8.021490548832874e-09 
447 1.2390013930845337e-08 
3003 5.816521353322127e-09 
8458 8.707122599641536e-09 
8926 7.68268123099193e-09 
9029 8.42291944123854e-09 
33 7.457828854907228e-09 
9337 7.9668786570012e-09 
4385 8.77336731291544e-09 
582 3.142085870942767e-08 
9563 9.937534972215625e-09 
2814 5.935262522779872e-09 
2194 6.221208620526067e-09 
8373 4.311990882844424e-09 
6757 5.757157175881149e-08 
746 5.2817358099990774e-09 
6930 3.855625716267519e-09 
4494 5.338988998083646e-09 
5765 9.701885080254727e-09 
565 1.3157380645070771e-08 
6268 1.4476317408912767e-08 
6377 7.276203793779232e-09 
8564 8.950464540640087e-09 
9137 1.0072053084576524e-08 
2005 3.7103620891855427e-09 
8036 6.68939134922282e-09 
6672 5.72375896830922e-09 
9232 5.739873725407393e-09 
2180 2.285342087630666e-08 
3857 8.337577582875379e-09 
6024 1.2372449297178532e-08 
7457 1.7261674164917654e-08 
2688 1.4320712599168e-08 
165 6.934706707310834e-09 
1856 6.5207768186817394e-09 
4802 2.8147518430529476e-08 
2209 6.443022397941214e-09 
2913 8.230013751552544e-09 
6645 7.693253396856038e-09 
5752 2.3613742073313407e-08 
3718 2.053649280313449e-08 
9721 1.120793316001286e-08 
6222 2.4958152443506874e-08 
1607 7.115218721934907e-09 
1849 1.2206175150492049e-08 
1655 8.199188567648017e-06 
3000 3.254292500705141e-08 
559 5.001174351168189e-09 
9139 2.6346961697033214e-08 
1531 4.896166873411684e-09 
3185 1.1068589741048025e-08 
4255 7.371975074875817e-09 
8346 1.1507864061742305e-08 
1194 6.057633279753574e-09 
5323 8.044450345114952e-09 
8067 2.5034343139999655e-08 
8491 8.730944059853925e-09 
3929 6.19411753030423e-09 
7519 4.620007081112057e-09 
2037 2.189840175550106e-08 
8338 7.050285469800341e-09 
6381 9.16977909478766e-09 
8244 9.793492250454935e-09 
8511 8.123803663627471e-09 
3530 8.084538649861042e-09 
4542 8.327397998052731e-09 
5938 8.914818403231092e-09 
8558 8.420154274670598e-09 
7952 5.80874340403055e-09 
8186 7.862606405360795e-09 
7941 2.476280073750387e-08 
9693 6.8687442268244164e-09 
9 8.281120653032444e-09 
70 1.0387210944021522e-08 
2587 2.3232221933126157e-08 
5852 8.141438505998577e-09 
984 1.064495725111651e-07 
3419 1.1665868246673455e-08 
438 6.282477502421099e-09 
3444 1.2119407962222703e-08 
6685 8.248291377059395e-09 
571 1.1942019303038472e-07 
7622 1.2211478453210897e-08 
1613 1.7894731062890416e-08 
6530 4.246861325064508e-09 
5144 6.727261096925105e-09 
5247 3.8900329530928285e-09 
5966 6.409250275039163e-09 
4771 7.743725486037724e-09 
7269 5.5007975947700405e-09 
7184 1.7189951850591549e-06 
5616 5.1640325008772e-09 
4965 5.0873190193898715e-09 
315 5.718466544908651e-09 
5361 2.0031364183592353e-08 
367 8.92635812835274e-09 
724 5.678316630412057e-08 
3229 1.3899389750922017e-08 
6803 2.6190364066869515e-05 
8942 7.228239775605369e-09 
8034 5.863205263748755e-09 
1615 1.2626483668082972e-08 
8728 5.639884882681009e-09 
7294 4.971586115660662e-09 
6571 1.2966678997888836e-08 
8747 1.6023671443638095e-08 
8339 6.6940955795007084e-09 
56 7.2844378463249315e-09 
415 4.631931008471329e-08 
8033 9.907631579411137e-09 
1897 1.7625527770636935e-08 
7286 2.1759366333165726e-08 
3706 5.569636161344496e-09 
2151 6.384446319925366e-09 
1466 1.69706588096577e-08 
3179 2.9094756834400614e-08 
8212 6.618220127745794e-09 
554 1.596822521741448e-08 
6760 9.608496312181816e-09 
3843 4.234930873532215e-08 
1249 8.475470047466203e-09 
9819 6.836812738771764e-09 
363 5.8629888189694465e-08 
4812 2.926602546307437e-08 
9362 1.830026093098576e-08 
1336 3.237563985045849e-08 
2982 7.573864926934196e-09 
8120 5.807997595233885e-09 
3825 6.057159874584342e-09 
2766 5.449843918162167e-09 
9114 8.127023121422446e-09 
6747 1.310704976281371e-08 
2496 7.468993465159154e-09 
7081 6.406589906802693e-09 
2636 6.681075478444376e-09 
96 1.9816424852014004e-08 
7582 5.496810080458242e-09 
5307 2.703910670766394e-08 
5679 1.5552084139708496e-08 
7299 8.470760116453292e-09 
9382 1.1976405100391947e-08 
7961 7.35162607027641e-09 
6984 2.1202586219344014e-08 
148 9.34521663384976e-09 
4406 5.583029605033679e-09 
6745 1.5265911689713724e-08 
4543 1.4119173037110619e-08 
5569 1.8938990342849422e-08 
898 8.326818983026701e-09 
2248 7.428422019216743e-09 
7448 7.497833746017077e-09 
2317 8.483440932919618e-09 
9290 5.325866125937065e-09 
1067 4.853244910986432e-09 
5472 6.618118236377188e-09 
8510 1.908068659464083e-08 
1037 7.740834036804901e-09 
1493 4.600062162131782e-09 
3361 7.767786630932805e-09 
1359 5.520788679946181e-09 
4555 1.2611183814251192e-08 
2476 8.955898444184228e-09 
7984 1.515066065692957e-08 
8822 4.571208721973279e-08 
4700 5.987397487704151e-08 
2410 8.578616115758643e-09 
635 1.1585938417967186e-08 
7226 3.903333264465916e-09 
2036 1.4134612429821981e-08 
3482 1.052369073936861e-08 
8983 6.393654438134264e-09 
7608 1.4939439698128873e-08 
9090 1.0062940915224125e-08 
5829 1.4079314533134955e-08 
3992 2.2248750974863344e-08 
3318 1.0328294633064027e-08 
3070 8.319486451526317e-09 
189 2.7483905507181845e-08 
221 8.263450187247397e-09 
458 6.7439216273022795e-09 
4525 1.3193356821102065e-08 
1576 8.487280217170379e-09 
5285 5.891465830812348e-09 
704 1.1278912267261715e-08 
3628 1.2377242776594015e-08 
6759 5.647798058221187e-09 
9455 1.024383277236252e-07 
8267 1.4830888739217167e-08 
738 6.535350125026524e-08 
3140 6.866094986622204e-09 
1767 5.401809534183108e-09 
4030 8.804704495113565e-09 
6798 1.0159687455148399e-08 
5893 1.242988844490922e-08 
1985 8.63415787911298e-09 
3414 6.612740695950345e-09 
4857 1.023609462978952e-08 
7275 5.227981836070789e-09 
4015 5.7720733789411865e-09 
2689 9.013591239495286e-09 
1587 1.8874338030970723e-08 
920 1.115666089460815e-08 
9490 1.5858689351847845e-08 
4810 4.504403292200643e-09 
793 5.369739467528736e-09 
6659 1.0761904990102579e-08 
1703 6.370837174213967e-09 
2751 4.649195904345496e-09 
400 7.71460516627541e-09 
3643 5.000858767020833e-09 
9159 3.318340277016184e-08 
4827 5.640443502454712e-09 
9629 7.594529280409087e-09 
3402 5.3385596757073855e-09 
5749 5.5107245806526595e-09 
6870 3.737042527859891e-09 
1664 5.625494978915915e-09 
8437 8.325240704720044e-09 
8922 1.1062985654408837e-08 
392 6.35105096530135e-09 
9447 5.9676210516137335e-09 
8311 6.411611487393276e-09 
9063 4.242276448532256e-09 
9814 8.029970735112628e-09 
4813 1.0091909429226636e-08 
7367 2.6025377365981456e-05 
6954 1.2096365754649292e-08 
6378 6.528015118918706e-09 
7829 9.086022006066403e-09 
4090 1.0183077016594905e-08 
4389 5.8374592774596695e-09 
9968 1.4991458877891203e-08 
7493 8.207969102460265e-09 
8325 7.772611808299842e-09 
6289 8.219790986968914e-09 
7169 9.490811317836717e-09 
8395 5.466679273320729e-09 
6181 2.2148818348778545e-08 
1506 9.288297723617986e-09 
5565 1.1226149077394124e-08 
7483 1.4651767793060107e-08 
7609 5.576535635608976e-09 
1143 5.830840597246395e-09 
9125 6.2248201530400865e-09 
459 1.1521366921813693e-08 
4842 1.909875804809993e-08 
8505 2.1995350499250394e-05 
4520 1.5722322338897025e-08 
312 4.803801496996649e-09 
6957 5.165819492005189e-09 
4073 1.025666098179636e-08 
1951 7.28785446032186e-09 
8614 7.048751378803744e-09 
6610 2.1342108649771773e-05 
6666 4.99696350703821e-09 
4184 6.851844900918752e-09 
7212 5.054586792521687e-09 
5304 5.807106487733596e-09 
5453 3.2773629384365635e-08 
2492 6.7559555202816035e-09 
3879 8.105405993304518e-09 
1033 1.3001912518525484e-08 
6052 9.092527713605927e-09 
8902 1.1296412180889295e-08 
2929 7.873764534902655e-09 
6994 8.632910721787651e-09 
6238 1.1581218352157627e-08 
6330 7.43882916763995e-08 
2649 1.1430138041894529e-08 
4612 1.5362245229708603e-08 
3856 8.813738068915757e-09 
317 1.0280862555484167e-08 
8592 8.618029222759796e-09 
7147 3.777831542134901e-08 
2158 5.537413810038222e-09 
5103 7.175297612582038e-09 
2289 5.268016455570526e-09 
7005 1.0281318707093708e-08 
9931 8.868274449643984e-09 
3710 3.5955670661376535e-08 
3642 7.761181825796833e-09 
3831 1.8468638363533692e-08 
5737 4.708603858379068e-09 
8733 1.4164365783682527e-08 
4745 1.0150018742052618e-08 
2586 3.681232501101983e-08 
5950 8.552961951310487e-09 
5312 1.0669005998543285e-08 
2728 9.185704867857754e-09 
5049 5.477098410444983e-09 
2428 3.42665373663357e-08 
2217 8.6265822468257e-09 
7473 4.171682595937101e-09 
17 2.2512152024153388e-08 
1274 7.2171480575665414e-09 
8849 8.188281757390108e-09 
8252 5.048419045436056e-09 
8630 3.4034532350821906e-08 
4104 8.170200458453708e-09 
3046 8.93937998451555e-09 
7158 8.596747981667527e-09 
2312 1.7845865925747613e-08 
7659 5.520061562144449e-09 
722 6.712684602182967e-09 
116 9.316077226166099e-09 
9377 7.962778765459484e-09 
1528 1.1851090339545095e-08 
3463 1.6605806172297587e-08 
2659 1.4768318485876633e-08 
4495 7.855469133792765e-09 
6391 4.718757558742209e-09 
4711 5.251381766501612e-09 
1935 6.397321647899287e-09 
8740 6.915138517360475e-09 
123 6.226221783804664e-09 
7491 5.094991829043133e-09 
8830 6.777081401057247e-09 
7516 1.4446017946429489e-08 
8869 7.716275904259134e-09 
2853 1.094042693862863e-08 
7938 1.4022045935284909e-08 
6223 1.0148426074865248e-08 
6180 1.0130111854607729e-08 
9457 8.833534116637828e-09 
9503 2.5970173043858048e-08 
896 1.160920294379815e-08 
679 8.241803169735558e-09 
5205 1.1670564948359878e-08 
479 1.2398600840023838e-08 
4823 8.787948179377579e-09 
3010 9.594180558521181e-09 
9107 5.015596482487784e-08 
620 8.634485450307976e-09 
4553 6.063669883695985e-09 
5560 4.494314444808043e-08 
2569 1.1137962104262183e-08 
8226 7.224333754699344e-09 
5279 9.130743094118779e-09 
6256 4.773147508751324e-09 
7399 4.423614904068562e-09 
7918 1.2177266585930782e-07 
7368 2.1573798824486585e-08 
3560 2.297302269551845e-07 
3756 8.193880086482079e-09 
5784 9.266811853568709e-09 
5861 2.5409134724486016e-08 
8694 1.631900041699141e-08 
4324 8.324909200581668e-09 
2572 9.963860538400073e-09 
2745 2.0575317859693968e-08 
9491 7.842690317701531e-09 
6226 1.243763528919941e-08 
2038 2.3921396460359866e-08 
6864 6.981495567857238e-09 
8229 4.895442749959511e-09 
3231 7.340174956130957e-09 
779 4.147337301276671e-09 
44 6.721522294696539e-09 
9341 3.033214234708474e-08 
6662 5.966633442747518e-09 
8852 4.559529421773248e-09 
99 1.5886424347300466e-08 
4893 9.314185459908565e-09 
1979 6.6711561613405634e-09 
575 2.1737836208369013e-08 
3613 1.2398365778921311e-08 
376 6.913198873602366e-09 
7195 8.812588688303369e-09 
4603 1.0757404733923587e-08 
5948 4.6239268594594485e-09 
7414 8.200923247892074e-09 
4063 1.0724027296607833e-08 
752 1.997687038604286e-08 
6607 6.017707695213717e-09 
4429 8.889054939548776e-08 
9474 5.59095727960951e-09 
1759 4.051322253801476e-09 
3958 6.28764506194375e-09 
5860 6.215059366893733e-09 
6339 1.8274453744682433e-08 
3300 5.949066021488508e-09 
9712 5.99654244876752e-08 
870 9.111426474525848e-09 
6401 5.5547726741673326e-09 
3021 5.829083871605788e-08 
4500 6.955264819814844e-09 
846 5.624766244351903e-09 
2523 5.226642757916872e-09 
3499 7.440606501806293e-09 
9144 7.138961147061529e-09 
2422 1.0767611513464066e-08 
2952 5.573129292042386e-09 
1299 4.14166934969225e-08 
9010 4.773531055244501e-09 
6629 2.849499039357011e-08 
1920 7.204672500737627e-09 
9860 9.341510253486549e-09 
6823 8.643365611237484e-09 
4596 1.465300981191766e-08 
8131 4.6021702387031606e-08 
9132 1.4328264654611678e-08 
5228 1.3733930052462276e-08 
2456 1.4950470304353307e-08 
3734 1.0427597064684505e-08 
2949 4.829125481008861e-09 
4272 1.2270125837360486e-08 
3892 7.717538954253589e-09 
7079 9.70361008006352e-09 
1747 7.935963989799157e-09 
1075 6.194464113615868e-08 
5607 1.1488391773702492e-08 
9706 5.314326485600027e-09 
7007 4.107708616611291e-09 
5648 6.788439189464937e-09 
1350 3.523554482909308e-09 
5098 3.644709666204512e-08 
8776 7.568066325534806e-09 
8540 8.627006477896978e-09 
457 9.393097338350823e-09 
5239 9.576938617031176e-09 
9075 1.1720093177642471e-08 
654 1.2230897941689113e-08 
2842 5.9475858868972276e-09 
4253 9.88031828694138e-09 
7731 5.9406436968018755e-09 
7098 7.34914960658084e-09 
8192 4.129141256396947e-08 
8482 6.254536421765322e-09 
3509 1.220005504986351e-08 
8070 1.1316353965224249e-08 
3007 7.263880617445692e-09 
8401 8.568766677927012e-08 
2125 4.4019866417364245e-09 
8846 8.213091385591773e-09 
3863 8.770810892887518e-09 
3944 6.892805960766538e-09 
9592 1.1262627890636784e-08 
7494 2.526640263217318e-08 
2668 3.839465636049089e-09 
4526 9.779538653821758e-09 
1184 1.172623163424747e-08 
838 7.102958382706678e-09 
7836 5.258145802230704e-09 
431 8.424872927656306e-09 
7945 4.740589176635904e-09 
8949 7.007570539899893e-09 
8672 6.622708476457587e-09 
7292 3.913596243951267e-09 
9695 1.5661896980820496e-08 
5842 5.113739978275761e-08 
9561 9.45229754656298e-09 
6456 5.695768659670641e-09 
8668 5.46963208124078e-09 
4870 1.1067134571187548e-08 
6242 9.205595106836183e-09 
7410 7.113173598099001e-09 
9770 9.673890214497577e-09 
9923 3.9035998175568224e-08 
6065 5.704646916090614e-09 
2592 9.002008200388427e-09 
6232 1.1366101295177608e-08 
3101 5.417962747281818e-09 
8352 1.9101159569030832e-08 
5906 1.3540132922642764e-08 
3121 2.0633547570406488e-08 
936 5.462083072296786e-09 
8329 1.08009368884757e-08 
3352 1.015839029680412e-08 
7256 1.884688676054725e-08 
1293 8.005347886105504e-09 
4674 1.877268560458549e-08 
1360 6.22297482272792e-09 
2741 1.4744347650468871e-08 
3291 1.2685048208669822e-08 
1569 4.952939848404739e-09 
1171 4.698530640077914e-09 
6950 8.768518793434571e-09 
541 6.464852985842845e-09 
5062 1.2742692073611575e-08 
226 1.6582325419690555e-08 
5697 2.226383536281214e-08 
9066 5.76409041525873e-09 
7909 7.206098344121961e-09 
3138 7.113743731449254e-09 
7920 4.370582458660256e-08 
1503 2.012677007907004e-08 
88 1.850345444990827e-08 
2420 1.2322071789674406e-08 
2198 1.2176927887785731e-08 
4065 7.919784046021144e-09 
4981 2.6497620052399074e-08 
8199 8.30247435168116e-09 
7905 1.0495956200852995e-08 
5997 1.0152829636256647e-08 
3490 9.810430119856252e-09 
5498 2.6887698794655565e-08 
3344 8.251646785566863e-09 
9441 9.934332335925777e-09 
43 7.837737360386413e-09 
3324 9.125159871324097e-09 
3302 4.7228701383089265e-08 
285 7.299729012011022e-09 
682 4.632865126686508e-09 
3137 1.1368568825806218e-08 
8720 1.9173081831230527e-08 
3916 6.873331704140839e-09 
419 5.309861451354911e-09 
9467 4.950032755001929e-09 
7 6.508245461219614e-09 
2301 1.1117655946573692e-08 
5101 1.1173415315158738e-08 
9862 5.6901073277611887e-08 
4720 7.496074026043173e-09 
1454 4.229474362800684e-08 
7518 7.257987856123388e-09 
5874 8.611307305683019e-09 
1611 1.0672763069044348e-08 
2618 4.993237651042953e-09 
4817 8.774127738166854e-09 
7026 7.252177929148104e-09 
6807 2.579103080809029e-08 
6419 4.7403920266139016e-09 
3844 7.083447577842586e-09 
8824 8.296963380119253e-09 
5868 8.010457822017411e-09 
1115 6.9893320701376604e-09 
8580 5.544930579796936e-09 
5819 7.055472843551375e-09 
8468 9.629681698743175e-09 
5541 2.1477150776631846e-08 
7586 7.493418355437875e-09 
9379 8.07163650197798e-09 
2055 4.6614422671235195e-09 
4719 1.0936895624715469e-08 
1632 8.44356707523173e-09 
4697 4.808163679703714e-09 
3608 3.93937591553449e-09 
9446 5.267468266407192e-08 
2168 4.096493290634343e-09 
8721 7.843397668112415e-09 
7845 4.854823366234884e-09 
9096 1.4227602600507157e-08 
2175 4.267437218714539e-08 
9696 6.858721037080948e-09 
151 4.53532856127363e-09 
4392 1.3421857466265098e-08 
3864 8.101955236154874e-09 
6463 6.493592637994011e-09 
4780 5.066315580601333e-09 
2345 1.0730593947476733e-08 
1967 8.711852514018369e-09 
3488 1.2221200159506784e-08 
9536 7.739174751357145e-09 
314 8.685814470552229e-09 
1431 9.929719455752453e-09 
9228 1.070495064987853e-08 
8791 9.99438796675002e-09 
4127 1.5444720854345707e-08 
5477 4.131813186947567e-09 
644 1.0058683244077056e-08 
5294 4.872892769196627e-09 
9799 1.7560463397910554e-08 
9757 1.066921452347238e-08 
2183 1.7977924713155624e-08 
1721 2.0732245464502325e-08 
9207 4.561254423858865e-09 
6975 1.8771884812589842e-08 
172 7.954697934099524e-09 
3605 9.07569730154191e-09 
8308 1.5390691965886175e-08 
7074 4.6703089351569915e-09 
9545 2.644008810184133e-08 
8789 7.79904129385306e-09 
2413 1.293085085166644e-08 
8073 1.1094560330659163e-08 
7787 1.5032193128716037e-08 
9426 9.249797972921484e-09 
3550 4.172666861774338e-09 
855 4.308867646365955e-09 
8606 6.508253528767979e-09 
6825 2.3075272766301305e-08 
9355 2.537229264163948e-07 
1929 1.197600248440886e-08 
2206 6.249336692983011e-08 
7342 5.491333161626588e-09 
6144 1.1756329030068735e-08 
4080 1.1505182474476697e-08 
388 4.7542389333080776e-09 
8508 4.6079845126244245e-09 
4455 1.3587530624400122e-08 
4477 8.779512279720805e-09 
2347 6.82922723883525e-09 
8063 2.128547743287688e-08 
9638 1.0338206951100715e-08 
4814 1.4623255031789156e-08 
9742 4.91179440891866e-09 
5213 2.3427776878681087e-08 
2028 1.1178106293775573e-08 
6434 1.761638936353775e-08 
4247 7.89224050392126e-09 
2079 8.617231903517916e-09 
4774 1.0796273595937121e-08 
6862 6.599230466773631e-09 
1945 1.1596384914499581e-08 
9542 6.85001484419627e-09 
4382 4.222725157173798e-09 
145 1.1050956333510074e-08 
8545 5.969418046675168e-09 
2656 1.5416473332185814e-08 
7896 5.8256798610416966e-09 
7531 1.2533636176994233e-08 
1050 8.715513398005817e-09 
5554 8.057033170196307e-09 
6446 1.0434785565347285e-08 
2246 4.8984842278363555e-09 
6657 2.2956368257132086e-05 
2145 2.0242340107281057e-08 
8603 4.760667812221675e-09 
9637 5.5902376140551466e-08 
730 5.23788404468116e-09 
5881 1.781073631640243e-08 
3370 5.3251284026865214e-09 
3108 6.319508876915722e-09 
8555 1.545105474034386e-08 
2113 1.1675120154507057e-08 
8970 1.2426587723342493e-08 
3689 2.0024845132939322e-08 
8490 1.546770812669608e-08 
2804 1.4649537776216179e-08 
93 9.235531586129948e-09 
1227 4.656963805251338e-09 
5606 8.546135348659264e-09 
4738 1.5280095031280916e-08 
9658 7.016875840136841e-09 
8957 2.192455200413423e-08 
5692 6.374073442672046e-09 
2714 3.8784299883179703e-05 
6661 6.151089757333648e-08 
8934 7.509333691544176e-09 
6325 1.1675625185962081e-08 
8371 5.620030553779576e-09 
2735 4.986224109168949e-09 
1551 9.36938970245299e-09 
6310 2.069502310741555e-08 
9577 8.777781728471629e-09 
606 5.9913543087267845e-09 
2831 1.3018143404193092e-08 
4124 6.087465413912377e-09 
2143 6.29353678286565e-09 
6634 1.5246877400594896e-08 
5802 8.409122685183214e-09 
4879 8.72859719930081e-09 
2491 1.0499895887862778e-08 
4712 6.659048705460677e-09 
2829 1.1337402582825735e-08 
7777 1.7721484724228694e-08 
1652 4.4140690419209455e-09 
1838 1.628979800317532e-08 
9035 9.16335497573844e-09 
8566 2.4156345037012854e-08 
6968 3.021908839346199e-08 
5658 8.95317899885558e-09 
5039 1.0231105377830896e-08 
4473 4.2638030419740736e-09 
1090 9.835572915254005e-09 
2808 8.052108841998494e-09 
3097 5.173492023885853e-09 
5019 5.0836687815088155e-09 
6766 8.735364071194365e-09 
9389 1.777604422112302e-08 
8489 2.217319425810993e-08 
1889 3.248092491983724e-07 
7443 5.384625619301794e-09 
6943 5.530597649121283e-09 
5246 8.463569033654618e-09 
161 7.0180444799745195e-09 
2777 1.1394714995996078e-08 
7203 4.419691959850827e-09 
9926 9.399776359944427e-09 
8327 5.0362731554565165e-09 
5374 1.058406128560431e-08 
1103 5.424886455416417e-09 
8897 3.822343551049268e-09 
4925 1.1517827639014565e-08 
5934 4.351357711885306e-07 
2582 8.837129262845474e-09 
1137 1.1385115866995726e-08 
4509 7.91385363014055e-09 
610 1.0857635238917425e-08 
6973 6.4465331399855136e-09 
8715 6.5597348796343075e-09 
3586 8.601946283200677e-09 
5134 1.4587717416512415e-08 
8367 2.0997158240029182e-08 
5795 6.8354060217979545e-09 
1498 2.0565376928911427e-08 
2464 9.875646106980752e-09 
3638 1.1348563597537997e-08 
4959 7.374278397555972e-09 
6131 1.5280995242284746e-08 
1631 6.738844716779437e-08 
8517 1.056870374018231e-08 
5969 1.70865740846491e-08 
9434 5.469226835091642e-09 
9808 7.479198850957741e-09 
9345 2.4311547888722623e-08 
1728 1.177720318501236e-08 
4796 5.4092554454751585e-09 
3956 2.1414588380287616e-08 
4373 1.0436936810349733e-08 
2708 1.0510492451419953e-08 
6698 3.8623366957989385e-08 
618 1.800154623873536e-08 
1380 7.612110082023948e-09 
403 4.170735158775282e-08 
4649 6.0602267277793526e-09 
6393 9.645900618179826e-09 
5068 9.979487667548075e-09 
4897 8.626583960624074e-09 
9747 1.3647334688119545e-08 
7193 2.796861156735553e-09 
7317 8.772424752649492e-09 
4587 4.08964237446751e-08 
2467 1.6200948658572772e-08 
5226 1.5926082292034606e-08 
3483 7.283852345926767e-09 
4578 6.575221655775315e-09 
1149 4.36025699877482e-09 
6277 1.2239579322932334e-08 
5959 6.503012564421443e-09 
2278 6.505476911507213e-09 
3428 2.8217750492015407e-08 
4275 8.813281500538901e-09 
9782 5.436523717200514e-08 
3962 5.4839977812765756e-09 
1091 8.906108691568264e-09 
5848 1.3166809984541464e-08 
8054 9.542242449325777e-09 
8530 5.644340672584722e-09 
4922 1.5259058417857463e-08 
3066 3.813509171640694e-09 
8313 1.9703073161404273e-08 
8873 8.875548454393214e-09 
2081 7.502067388967179e-09 
7384 1.9855739343726045e-08 
5176 2.5391901019408865e-08 
6743 1.3854292426501193e-08 
8954 7.360421303481343e-09 
9803 6.630067284248142e-09 
260 1.0534243931895277e-07 
3540 7.036771868971711e-09 
791 8.222652330401072e-09 
8646 7.792928994384413e-09 
3531 8.944614327530999e-09 
8500 1.2589782750387427e-08 
5220 9.568184326769723e-09 
7055 9.541026327721316e-09 
3095 7.911411099154053e-09 
102 3.937192707709897e-09 
1853 1.2516110763365236e-08 
9716 3.390499951156029e-08 
4626 6.883993730524146e-09 
574 1.31637550326337e-08 
5716 4.038235123463713e-09 
6623 8.120419920472008e-09 
5568 5.181463130950192e-09 
2773 5.5151479159780675e-08 
6868 1.4571320383692347e-08 
7998 1.0457828839450373e-08 
3325 4.537986706461966e-09 
3115 9.707086530527827e-09 
7447 1.9962638852664884e-08 
7487 7.93509512654958e-09 
7460 1.024295891518829e-08 
9570 1.580841520324163e-07 
9059 8.141193479668622e-09 
7750 2.012695744156535e-08 
2462 4.7562273184590526e-09 
8718 5.990756881454201e-09 
7751 1.4816703460072272e-08 
9684 4.350233635992684e-09 
2652 7.54605416716271e-09 
2987 8.768933867334301e-09 
2067 4.522995093259388e-09 
5059 2.0376793874574053e-08 
5673 6.40045065515224e-09 
8876 3.762534133116679e-08 
7251 1.2126702698652195e-08 
5599 4.4431010706551255e-09 
6174 7.349063699604863e-09 
5584 5.015680082853455e-09 
1165 1.0560609861533406e-08 
6153 4.74169947490416e-09 
2110 9.947816711325906e-09 
6761 1.1260776530859495e-08 
1007 6.367138193205321e-09 
1582 2.122010779457206e-08 
6527 6.718791294591658e-09 
2454 2.396051372024685e-08 
5308 4.712847106059376e-09 
576 8.44102921164925e-09 
3163 1.0957111415020246e-08 
8035 1.2438734439158827e-08 
6045 1.624476836489981e-08 
4659 8.825678010572664e-09 
5066 9.762009599983967e-09 
2983 1.0664475339166972e-08 
9477 7.821411793619906e-09 
3713 7.969681280802637e-09 
5753 6.391840122726283e-09 
9981 1.218377050854827e-08 
8665 1.047856688733955e-08 
7772 8.311506951869801e-09 
4931 2.104000914406089e-08 
1417 8.708497737600768e-09 
7376 7.812019221179606e-09 
2179 1.1146385690418044e-08 
2671 9.817101510509706e-09 
2739 3.734798249508887e-05 
1322 1.2106189413354368e-08 
8937 5.449530869096331e-09 
3578 9.504597837722492e-09 
7699 3.970911374674355e-09 
4089 6.100312295240218e-09 
5666 6.546007462861561e-09 
768 1.432583634608086e-08 
2311 1.0974875295989735e-08 
1875 8.784426702105469e-09 
2471 6.680363276228771e-09 
8932 6.774256575614243e-09 
5319 1.8362918467100618e-08 
3894 6.072869398760644e-09 
9857 3.9360214679554084e-09 
1346 6.4097515392168986e-09 
9058 5.520807952073478e-09 
4069 5.502458850755246e-09 
9588 6.316060430309328e-09 
3388 9.475770547775e-09 
7364 7.078038063209474e-09 
7097 7.657474535103376e-09 
1667 6.156953160415396e-09 
5390 2.179954037846276e-08 
7259 5.760252738771371e-09 
7504 2.624510426497815e-07 
2185 6.83788947534493e-09 
596 4.5385316959115855e-08 
5218 8.948162303144662e-08 
9617 5.146517124791916e-09 
9008 1.0549656243854719e-08 
9559 6.998816690908724e-09 
871 8.142204183775835e-09 
4853 6.4810344489133614e-09 
5519 4.857829471595723e-08 
4128 6.730310800857962e-08 
4140 3.9661916711276413e-07 
3015 9.420524906054821e-09 
8221 8.849691469545694e-09 
3708 6.699748260948629e-09 
2075 4.848476974723612e-09 
4082 6.126949071141516e-09 
4516 9.361097557270687e-09 
3269 1.4287595434016309e-08 
5135 1.544877457687263e-08 
1905 4.373625452037608e-09 
9367 1.708630611893221e-08 
3183 2.030082045740081e-08 
1913 3.8856357293610146e-05 
7595 5.537168248220814e-09 
718 7.4787884516918e-05 
1733 1.1044842206943926e-08 
9789 1.1755548866092778e-07 
641 7.544165010796647e-09 
9453 2.5052065900379138e-08 
5551 6.941532354996782e-09 
4779 6.535277282228649e-09 
1668 6.86218746409617e-09 
89 1.8489877534274852e-08 
9565 7.302879165543147e-09 
8911 8.892087707975359e-09 
9555 4.399794474065077e-09 
1939 7.164217880181387e-09 
6431 6.173391596964867e-09 
229 2.492292017723793e-08 
9248 6.872693349754128e-09 
2690 5.9489572029353815e-09 
4647 4.2046681997687935e-09 
8795 7.130743176052973e-09 
2776 1.5952218946344628e-08 
692 3.230895046873973e-08 
7119 4.778015527499846e-09 
653 4.431028313147886e-09 
1860 1.2871584556932718e-07 
9495 2.245559548068798e-08 
889 6.413617523355619e-09 
9704 9.66984690594936e-09 
3462 5.596645304964051e-09 
1182 6.8780463967528516e-09 
1238 2.2528260750214347e-08 
6105 7.207266847350166e-09 
9714 9.144889880291843e-09 
577 7.195459790282008e-09 
5339 7.7053352883329e-09 
2990 1.0822066441264175e-06 
5787 8.552343429800435e-09 
4518 6.677782579071062e-09 
6509 6.076517078575094e-09 
3993 1.4726217669337044e-08 
7422 6.053720488221823e-09 
6787 1.1511980199294634e-08 
9064 4.399199989750871e-09 
8136 2.5918808989301104e-08 
6964 1.919733856858277e-08 
5463 2.5981719547824502e-05 
2062 6.9502307169060085e-09 
3002 8.569224192538603e-09 
3381 2.734118398123233e-08 
975 1.2565549147741141e-08 
2981 6.682035114894541e-09 
4684 1.3247336693974002e-08 
4011 1.2729573713372334e-08 
9587 1.3901633495391752e-08 
4103 7.234339394679087e-09 
558 1.863077000871993e-08 
4450 9.588398774939275e-08 
657 6.418013025113328e-09 
6321 1.536075610100978e-08 
7647 5.574488000543998e-09 
6907 5.3387753991968045e-09 
2342 5.453464847022735e-09 
1114 1.3171196590095087e-08 
4905 6.15751828388425e-09 
9694 1.1647581320988788e-08 
1161 2.733058721541724e-08 
352 6.959896273672425e-09 
6928 6.823965998390205e-09 
569 1.593840598499048e-08 
6519 1.1117361056701622e-08 
4772 1.0417110774896612e-08 
1938 9.707190278375813e-09 
6660 5.781325655566157e-08 
8804 6.096697507734436e-09 
3184 8.85280223759076e-09 
9016 5.2729287867460395e-09 
5657 1.052035244716084e-08 
6234 9.493392069746635e-09 
2911 6.904170265012444e-09 
1673 7.594736750084208e-09 
4744 9.779421072421413e-09 
5420 4.778940257627387e-09 
4484 9.922588737644455e-09 
5924 3.652659889830101e-09 
2437 2.7714995612891907e-08 
3875 1.2949842881511929e-08 
8037 3.571594941331616e-08 
8575 1.8146899659658104e-08 
4677 1.2439977707993065e-08 
3100 4.694088840068514e-09 
2130 8.151365067524466e-09 
6068 5.785652225972354e-09 
7793 6.6596068154425175e-09 
2877 1.512190018947634e-07 
4366 1.722522680139846e-08 
8218 3.406539606553628e-08 
6155 7.325275346645222e-06 
8266 1.1037513479908966e-08 
4508 6.383701792655669e-09 
8753 2.878526371961638e-08 
9151 1.78377407309032e-06 
1732 5.394281931509967e-09 
1329 2.060860323506285e-05 
5482 1.1641579552136919e-08 
6588 1.392699409844076e-08 
3395 9.190415661245073e-09 
2933 7.251411758384119e-09 
5193 4.9536916217770254e-08 
5932 5.341487170542475e-09 
4427 9.892618785451758e-09 
1677 1.7243639788408135e-08 
7056 5.53063160373124e-09 
2155 1.3903587993803826e-08 
7129 7.665354958196965e-09 
7452 4.181458659359427e-09 
8290 4.874475591394589e-09 
6183 8.881271604753958e-09 
628 2.476071443046528e-08 
1051 6.067166636279653e-09 
2463 1.5009497454599938e-08 
1418 1.6560472374980376e-08 
1183 7.828314963712751e-09 
4248 5.413642771264285e-09 
1578 8.818579674764633e-09 
6916 6.654909650910187e-09 
6468 4.6629948030174184e-08 
6387 5.76564541357634e-09 
1191 8.022913535669744e-09 
6641 1.050153838237991e-08 
8144 8.166027233211769e-09 
1128 6.7497711404504446e-09 
8841 9.960867179150366e-09 
6073 7.408800299819884e-09 
9852 1.0104805012157124e-08 
1060 4.5276497548981526e-09 
5496 5.458642899990691e-08 
338 1.327469480259108e-08 
8892 1.09648618253598e-08 
640 5.346910014357095e-09 
5343 4.07484065196792e-09 
3198 1.2044890907044435e-08 
522 1.0608665781345478e-08 
2186 1.709034146341916e-08 
611 2.5173457017047332e-08 
6972 7.651060933791011e-09 
3769 1.976489615729141e-08 
1388 5.278157204705036e-09 
4969 4.250119275831313e-09 
812 6.059188144952841e-08 
3022 4.561113799367647e-09 
7177 6.546237836524416e-09 
2369 1.4368697240601906e-08 
1763 9.382958597267156e-09 
1912 4.667776797246184e-09 
1921 1.1006895215257863e-08 
9180 6.4636691173014515e-09 
538 1.2736803258026237e-08 
7071 4.687142868059144e-09 
3830 2.791229878961821e-08 
7843 6.9270117654049446e-09 
8613 2.5816113279021266e-08 
4428 7.350833180434085e-09 
2426 1.0219774138064963e-08 
1362 5.569229105228252e-09 
3218 5.835656284808657e-09 
1753 6.269582320103315e-09 
4924 8.290264076789289e-09 
7737 1.7089325369959787e-08 
1166 1.799460495259357e-08 
2135 1.2666894253876397e-08 
8958 4.5929162161874315e-09 
9235 2.8522742243975493e-08 
9869 6.569446920918348e-09 
2280 3.052711182265338e-08 
4735 1.260122257647038e-08 
4996 4.8953747277657306e-09 
3350 7.472200563374623e-09 
396 5.229939747768142e-09 
9871 1.0560720618531597e-08 
9373 4.695013488447211e-09 
8620 5.655264595592208e-09 
2208 6.9541803888757e-09 
5801 7.449248447689155e-09 
1934 9.486072686040736e-09 
5676 5.315411352605284e-09 
6455 1.0437058066761762e-08 
62 1.898951135079945e-08 
6117 1.5694629024566933e-08 
5219 1.2980336386043262e-08 
4147 1.0859953080474133e-08 
2379 5.02369539479193e-09 
944 9.05907118851218e-09 
1637 6.40804288581584e-09 
5186 1.3982706394979026e-08 
4604 5.3250988668509386e-09 
2774 5.026093745653915e-08 
2014 6.794459628820318e-09 
5923 1.0181421873341548e-08 
7584 5.518911636069948e-09 
2241 5.655426228885763e-09 
6763 8.99352884124651e-09 
230 1.2011352390245596e-08 
4232 8.744061036000672e-09 
5459 5.037690993959371e-09 
7823 5.658327837526622e-09 
7117 6.058841906702098e-09 
3047 6.1042426976846975e-09 
2599 1.4147570795972932e-08 
2605 8.130859394193252e-09 
6533 1.0405287560397158e-08 
3061 1.410466819230273e-08 
2127 6.311208262162887e-09 
9892 1.9295465831787977e-08 
7466 1.1209763168596766e-08 
1592 2.694568814999793e-08 
4349 1.0181336343234246e-08 
5342 8.521951663548362e-09 
6074 6.125301164905134e-08 
6050 7.179756423289843e-09 
4374 6.079498388869217e-09 
3666 5.000905927863772e-09 
6905 4.301133161655271e-09 
7419 1.0866739260598918e-08 
8149 3.5596636571537388e-09 
9317 9.665839485685675e-09 
1518 8.694060921708713e-09 
6878 1.5652557703639026e-08 
9807 1.0014674466877344e-08 
8030 1.4965014379932605e-08 
7546 1.1388740806862231e-08 
8476 3.155899681910263e-08 
8634 6.538857068218856e-09 
1696 8.552979813866539e-09 
9356 8.57727837681125e-09 
5250 5.102751220046123e-09 
8684 1.4778782363254056e-08 
4263 7.095138455492228e-09 
1635 9.522851365860278e-09 
9529 1.1018161815107112e-08 
516 6.977734294229612e-09 
6642 1.7721341237769e-08 
6655 5.921868247290782e-09 
8214 7.575068983536881e-09 
5812 2.7599409780645293e-08 
9086 1.416582391569176e-08 
9660 1.403840612940882e-08 
2835 6.6695237876338714e-09 
9496 8.82409719837711e-09 
4220 7.54504122331065e-09 
485 5.963005135674326e-09 
6513 4.7832134342749855e-09 
567 7.88502135047782e-09 
821 6.7614707895125026e-09 
3822 1.0482545886219066e-08 
8006 4.2764990357601075e-06 
3839 1.698793845709718e-08 
3563 9.502125680261111e-09 
4391 5.990925167873072e-08 
2445 7.657125931145176e-09 
3615 6.868983427410838e-09 
4041 1.1728739312448846e-08 
3023 1.0586348988617447e-08 
4833 6.213132283400952e-09 
9348 1.0112510513324811e-08 
1025 5.310405734506446e-09 
697 4.6231007600709e-09 
5475 8.554890683983192e-09 
8757 1.7047824681548814e-08 
609 4.686540835312572e-09 
5892 6.8042152519959265e-09 
2566 8.525194163783688e-09 
76 5.648458892455743e-09 
1130 9.472276462870778e-09 
184 5.897060802347032e-09 
8674 1.2652159614478034e-08 
8397 7.094286922672277e-09 
4293 6.912277568469488e-09 
7354 6.921433482628384e-08 
8584 4.206336414597223e-09 
8472 7.967865049500998e-09 
2153 5.416409752569823e-09 
5148 5.336745489319464e-09 
9618 6.483315082928334e-09 
5717 2.6993914875941827e-08 
130 6.457598154558514e-09 
5915 1.4261847009031277e-08 
602 3.943631595219009e-08 
300 5.810219942973746e-09 
7329 6.237855664729258e-09 
3059 6.778662037069949e-09 
1877 7.937026803156444e-09 
1370 5.910713517806934e-09 
9443 4.592543006911448e-09 
3812 7.54830391269147e-09 
662 5.235597670899886e-09 
258 1.1316044624129842e-08 
8152 4.087767704625406e-09 
109 5.802907828734993e-09 
9352 6.275167803351106e-09 
5331 6.110410057926993e-09 
7873 4.9002865870964585e-09 
1271 7.1643984312849684e-09 
8687 5.456421739999731e-09 
3149 5.262479692248398e-09 
7615 8.90274885843173e-09 
6019 4.448848379485148e-08 
6688 5.853696452258819e-09 
1646 1.1008538135974869e-08 
1936 8.007570508799036e-09 
9751 1.9297408099532183e-08 
3363 5.696466924901e-09 
2807 5.168091199566835e-09 
4593 4.4236873287736844e-09 
7415 7.912191693874046e-08 
8658 4.339418694651121e-08 
2360 9.41862415262864e-09 
5723 9.744999410394618e-09 
3759 1.723279884860863e-08 
6134 7.3387256625378344e-09 
1690 2.465592279930935e-08 
6526 2.0090178738435462e-08 
4156 6.0708266905271785e-09 
6748 5.862619524175591e-09 
6496 5.458246399780639e-09 
8081 1.346501462586025e-08 
5573 8.46428030107111e-09 
6579 1.2875622799174945e-08 
7971 7.868155854065181e-09 
3104 1.3882668358096949e-08 
4777 7.405550651873316e-09 
7313 9.421122796185831e-07 
1822 9.947728450221752e-09 
7164 1.1232737742662875e-08 
4953 4.88130904555302e-09 
4863 1.2338299835599684e-08 
2945 6.684388396526603e-09 
701 4.5425991770128675e-08 
8946 7.658319361048688e-09 
9265 2.044457985279349e-08 
7077 8.712610559554433e-09 
9027 4.108602750119844e-09 
5431 6.661019813850033e-09 
7229 1.4296304244707132e-08 
3571 2.2965406895686721e-07 
2043 4.881160467788345e-09 
4250 2.3802417155490124e-08 
1992 9.077849651888473e-09 
5532 1.5606228967869444e-08 
1208 5.4928173808411335e-09 
3103 8.753715008283716e-09 
3293 1.5028629775869738e-08 
9255 1.737565858794636e-08 
3639 2.6469868797708573e-08 
7710 1.866553007268774e-08 
7563 9.528354555452673e-09 
6340 6.7813071883120885e-09 
2792 6.751825552429522e-09 
1217 3.4459488065307285e-06 
2109 9.094900489735151e-09 
1339 5.0307238513847e-09 
6617 7.261201004186979e-09 
9531 2.8139060649558668e-08 
8518 5.389602036800362e-09 
1301 1.3870250473451036e-08 
5510 1.1659608039910757e-08 
7802 8.10660494732652e-09 
7763 1.3078772601710607e-08 
2875 6.672526214500027e-09 
7955 5.79659914057111e-09 
6646 5.0836335252978874e-08 
9674 6.5487459255299946e-09 
6128 4.800472459213362e-09 
4146 7.15073982882411e-09 
7334 5.7557632232412e-09 
3703 1.1250092701821021e-08 
214 9.436279402503557e-09 
4449 9.053834695325956e-08 
9889 4.581080314354155e-09 
9692 7.468747304428466e-09 
9162 3.587683148156308e-08 
7644 5.759261840218924e-09 
8667 7.773242073454145e-09 
8015 4.944119327702015e-09 
9413 5.35345958990914e-09 
1460 9.01048764735072e-09 
4755 9.009321409779794e-09 
92 5.242690624511492e-09 
3075 8.060005313452641e-09 
5634 1.60868819978335e-08 
8808 4.355016837388412e-09 
6257 5.499443339520432e-09 
9976 6.28130594261013e-09 
1136 6.305771450137998e-09 
8173 3.5931792406913854e-09 
5929 7.461790979589392e-09 
9959 1.3928536941008873e-08 
5816 3.6259429946408628e-09 
1602 9.09466886533667e-09 
8454 1.059438392743417e-08 
3242 7.593278180707819e-09 
717 1.175976585944885e-08 
1222 5.412605535645709e-09 
7560 6.282745312500768e-09 
6 8.682248117393258e-09 
6816 1.436538600498461e-08 
2851 6.153701345799206e-09 
2412 8.258579278991665e-09 
7445 1.1204763771758414e-08 
4132 8.164824523730282e-09 
4093 3.4848352739586105e-08 
2762 1.456857063014249e-08 
4078 6.0133749620397414e-09 
8671 2.4438849101696396e-08 
9815 5.799577716507354e-09 
1133 6.4101479590929905e-09 
556 1.535768587421129e-08 
4172 5.295514981162527e-09 
6147 1.7829645335175944e-08 
5114 1.7980702691469588e-08 
9269 5.304118262661195e-09 
7974 9.30020386633732e-05 
2489 9.234084189240106e-09 
5346 1.5315052916608715e-08 
5156 7.758612893425318e-09 
2386 4.703997436364404e-09 
2759 6.053756079326539e-09 
5179 6.333906312633308e-09 
934 1.0015579036048647e-08 
8250 5.051212874793913e-08 
8258 3.838584354106593e-08 
3135 1.5243840329457782e-08 
8727 5.178198056758274e-09 
6796 7.709466226003825e-09 
8305 6.049442918170181e-09 
8404 5.491525786405563e-09 
2434 1.939499142560898e-08 
4876 8.527824966694277e-09 
427 1.1149231573344062e-08 
131 2.5318400789418015e-08 
2703 5.695797725829843e-09 
4727 5.375250557593941e-09 
5935 9.121101734793288e-09 
9395 7.204290051240209e-09 
5111 1.2856520181358383e-08 
977 1.1091901716553387e-08 
6008 9.714332364018329e-09 
5851 8.67935858665618e-09 
7178 3.0034441082186364e-08 
3911 1.1353540191110997e-08 
3489 2.3234220387316918e-08 
7562 4.149870232389788e-09 
9547 3.9359720469846204e-09 
8994 7.200359467517126e-09 
4170 6.712275921715027e-09 
9602 1.0304241258862756e-08 
3698 8.851217531916783e-09 
9732 1.2664244245733786e-08 
4240 7.733407851487177e-09 
7498 1.2109112311605927e-08 
3546 6.310318824117103e-09 
2611 6.614543654774249e-09 
9777 8.474546616863386e-09 
1885 5.796409989142215e-09 
9893 1.3446876843676951e-08 
7572 7.634628364618437e-09 
7619 1.0763556713890704e-08 
8909 2.265335764117674e-08 
5478 2.547795912617593e-08 
7062 8.435116272131893e-09 
7217 1.2996354138705701e-08 
4655 1.2465675009484638e-08 
4180 9.788151242762395e-09 
74 8.887703171513162e-09 
1416 5.150872069365278e-09 
3525 1.372912981434729e-08 
4239 1.02666851651027e-08 
7063 1.1575630303795915e-08 
1684 1.8461012557839315e-08 
7935 8.557665212420053e-09 
1459 7.131467340054307e-09 
9636 8.065728238841434e-09 
5768 1.45556714128579e-08 
6851 6.897596970369471e-09 
1568 6.233851160318896e-09 
3753 6.228913159355906e-09 
5203 5.694992434232549e-09 
8837 8.51945674814128e-09 
4964 1.4810269167737228e-08 
4357 6.355496421457316e-09 
3253 1.5308038224179366e-08 
8880 2.8033726262024702e-08 
8524 2.6470784711049838e-08 
8790 6.28076243076002e-09 
9451 1.3700247820220245e-08 
7627 5.489930174525093e-09 
9979 1.0424062568312707e-08 
4192 5.4164213220912055e-09 
7215 7.144468431360268e-09 
8480 6.867608067515421e-09 
7730 2.0698876435066e-08 
9449 8.313771168136537e-09 
268 3.6305117406300325e-09 
5438 6.78364809833e-09 
7610 6.232275724790334e-09 
632 1.269278296529841e-08 
1975 3.4677312467661005e-08 
6417 8.701985273963826e-09 
3702 4.691030617122796e-09 
3854 2.1847473369860423e-08 
6895 5.68970347941157e-09 
1407 4.043688893277941e-09 
831 5.154857542124386e-09 
6683 5.620523049580661e-09 
4938 4.504850722921588e-09 
786 5.1960657603856986e-09 
3005 6.083310416602622e-09 
1977 1.4226497400916457e-08 
4785 8.394432982712294e-09 
3410 1.6477999812130207e-08 
879 2.491166366345044e-08 
2626 2.7902016566086398e-08 
2368 1.3474141833855723e-08 
5656 4.3028981676704195e-08 
1970 1.715572327774806e-08 
9126 3.328472140962102e-08 
4166 4.342500315715134e-09 
5910 2.1344578829884595e-08 
4158 8.361918944311891e-08 
6349 7.107399460854272e-09 
2855 9.844263943077636e-09 
2477 5.782023910659226e-09 
2633 7.031055168204431e-09 
3474 9.143354286916296e-09 
9528 1.526589222503212e-08 
9336 4.908853964806503e-09 
6992 6.17114032075948e-09 
6396 4.694149960231264e-09 
6015 8.23088194530728e-09 
9713 6.30280959563502e-09 
6879 7.431532300129773e-09 
309 1.250357547285131e-08 
1544 8.375785959875877e-09 
7822 9.59754827901168e-09 
3458 5.526363415497837e-09 
9541 6.515446083479523e-09 
6003 1.0249075944705754e-08 
5755 1.5699807879307817e-08 
7574 8.834410921668319e-09 
7641 3.273720939402395e-08 
4092 7.476005229592117e-09 
152 7.656853608182385e-09 
8906 1.0388604057293832e-08 
8688 9.717670823410074e-09 
604 6.040141353226558e-09 
5316 1.1226541274844855e-08 
3707 7.899545437597445e-09 
8377 2.565850297960433e-07 
8675 6.882346460746966e-09 
1583 4.300013326527866e-09 
9061 5.410880745846877e-09 
8676 1.2025487535339933e-08 
157 9.822135400698075e-09 
9710 1.3269606856359216e-08 
1734 8.24638980321743e-09 
8981 5.841084329541099e-09 
4804 5.556714747405669e-09 
992 1.2909968277892946e-08 
1663 7.165525463780076e-09 
9409 8.929281969643349e-09 
8295 9.759158428692446e-08 
9327 5.8767475588552415e-09 
5954 1.6792018589311362e-08 
2885 7.221203522948458e-09 
6141 1.5065664687357108e-08 
3313 4.663025310498725e-09 
1698 9.93692705344388e-09 
9511 1.8619416810065296e-08 
7869 6.579931477500647e-09 
9518 5.336962212660126e-09 
7385 4.285011092559885e-07 
3701 1.3611883907245319e-08 
6783 4.044274570092133e-05 
8725 1.557817602048983e-07 
6191 1.2813435536782394e-08 
852 8.116941199905192e-09 
454 8.207119097172755e-09 
3481 7.643632194092968e-09 
9560 8.562738594455714e-09 
5313 8.609343318008271e-09 
2167 5.2011586155597395e-09 
8265 9.663831713048292e-09 
8203 1.776713359611824e-08 
5004 7.213665522993323e-09 
9841 5.849145849308804e-09 
4854 5.2659870218747795e-09 
3409 5.5246438092695915e-09 
9384 1.4450394094636318e-08 
1964 1.127691127576682e-08 
5538 6.028987979651387e-05 
7857 4.630019531833007e-09 
2326 1.531242954644612e-08 
2245 6.937136498271282e-09 
2669 9.493113447135541e-09 
2563 1.5971001987873015e-08 
4653 6.393585442335064e-08 
8546 2.2632549027989165e-08 
3346 2.4512828770224728e-08 
935 2.674476512725798e-08 
7538 1.719317466083439e-08 
4829 6.253904284410708e-09 
1494 5.3691280618543835e-09 
2600 4.305628198593425e-09 
3547 4.4994290189531065e-08 
6412 7.1942307937767486e-09 
9300 6.096048778400295e-09 
5448 6.305345105631424e-09 
401 6.0770758958904325e-09 
1400 1.5164905401202598e-08 
6503 5.770943436447448e-09 
7432 1.3166868341398137e-08 
425 1.083869962986879e-08 
1276 5.3788004863910416e-09 
2015 7.686812307115473e-09 
5104 5.34495519090121e-09 
7871 5.767082819109481e-09 
3223 6.747705748972807e-09 
5152 1.1412943984085051e-08 
8602 1.0515784708720749e-08 
3512 5.918335489437168e-09 
7463 1.1791738302154367e-08 
3295 6.563725660864092e-09 
4476 1.2229193060227413e-08 
8385 6.377932580507728e-09 
5880 4.854725189776601e-09 
3013 8.355648943689405e-09 
9557 2.9736603597584933e-08 
5977 1.2642967490311165e-08 
1317 1.3974293944555259e-08 
875 1.2287320837341652e-08 
6394 6.376113365806971e-09 
1367 5.886046869742548e-09 
4918 7.1075803632393575e-09 
3766 8.119948541351375e-09 
4031 3.472491423547522e-07 
4208 6.9686539689792215e-09 
3621 8.380899662848232e-09 
1414 1.3591791464995402e-08 
9728 6.678098950782876e-09 
7037 5.4367560505669266e-09 
8488 5.173391366989841e-09 
1968 7.68899420424806e-09 
7092 1.119922368177876e-08 
213 1.4600728259891657e-08 
608 5.483538605393495e-09 
2377 1.2958450070692067e-08 
624 7.852044023011831e-09 
1031 6.30565471105432e-09 
6608 2.941388445217843e-08 
9964 1.3483665376183736e-08 
9804 1.731156402582333e-08 
7530 6.297530926206371e-09 
4642 1.946572013267981e-08 
4563 8.489052308650012e-09 
2059 1.8632468955096307e-08 
693 1.1128576126806858e-08 
9416 9.427137102847524e-09 
6365 1.5368323870771326e-08 
2458 9.28848969939354e-09 
9394 1.1450744891129336e-08 
4546 6.789418480115245e-09 
3390 7.667196238363497e-09 
7320 9.622251678277106e-09 
1749 7.483917040989121e-09 
5542 8.509295761614279e-09 
85 1.0830042148344578e-08 
6473 2.0412449188778655e-08 
1693 1.4806406881595277e-08 
5689 5.557793589065774e-09 
8711 4.898975692994856e-09 
2765 1.6622946787017267e-08 
2352 1.3287070852428806e-08 
5082 1.4390022469402616e-08 
9613 2.435586278554512e-07 
9763 1.7624642492837517e-08 
4309 1.145377739549848e-08 
3270 3.179937365488904e-08 
5086 1.5746446524727425e-08 
1537 6.1226686661180335e-09 
9233 2.3560579874549147e-08 
9175 8.894453732343974e-09 
9580 1.1790949433624677e-07 
4471 1.0335896638135472e-08 
4664 7.469771247728407e-09 
6797 5.651252592189099e-09 
1263 1.1984457000359036e-08 
7016 7.161655642433026e-09 
2322 2.626607074939294e-08 
660 4.722797164848427e-09 
2051 2.892527459051478e-08 
840 1.286523345050538e-08 
8400 1.2227232407775387e-08 
1926 4.8821662494008544e-09 
600 1.8229250603724707e-07 
6762 1.647305375684612e-08 
4591 8.65051482122804e-08 
6193 8.074449863500893e-09 
1731 9.086939139297742e-09 
4144 4.480434225224202e-08 
5050 1.073231498702025e-08 
1174 1.4824484538805e-08 
2138 3.848216208364452e-09 
1701 3.1091408750848724e-08 
9785 9.951668693969351e-09 
7395 5.374926453785914e-09 
8464 1.0864846448411548e-08 
4837 1.0319161102218324e-08 
9002 4.295818509724922e-09 
3855 9.88723553323103e-09 
9723 1.2052986293601721e-08 
211 1.0197367657314299e-08 
4808 3.261536956846887e-08 
1922 5.486147152235568e-09 
7583 5.459831562120571e-09 
639 1.6866398520616176e-08 
6705 6.859072465819488e-09 
3682 9.087140955942735e-09 
594 5.96484600275983e-09 
8271 1.3838536104255998e-08 
8748 6.337666101554479e-09 
4887 3.02762421943055e-08 
6076 2.46798013523071e-08 
7600 1.3643405930951862e-08 
1722 5.950796886505794e-09 
6953 6.756831121956103e-09 
3665 2.127244573931408e-08 
2086 2.1994022611298257e-08 
8522 5.971947249217013e-09 
1796 1.5732550158790125e-08 
6324 6.195170676806527e-09 
2578 9.500729500865057e-09 
1555 1.1201305785690785e-08 
5699 8.758360713653594e-09 
4793 1.161239697705218e-08 
7704 5.380517557971448e-09 
9686 6.422439421645623e-09 
5414 5.564865657690932e-09 
5128 7.593514410580288e-09 
3371 1.0743939165744863e-08 
153 1.2120818130320447e-08 
4365 5.1903436030457245e-09 
3486 7.030881825961094e-09 
5181 9.265275821524963e-09 
7707 9.311933973693218e-09 
4058 3.3983313008767576e-08 
2864 5.933673613437232e-09 
7866 7.771866481864724e-09 
2066 9.90480179634528e-09 
8462 8.719117334670221e-06 
8952 1.1235534819469158e-08 
5589 6.104585816664107e-09 
6535 7.161313852251799e-09 
1382 5.878056069229948e-09 
4946 8.039516905607343e-09 
8774 4.161048204403498e-08 
2291 8.085256511828828e-09 
6658 7.912837071450025e-09 
7115 6.663262817376003e-09 
6834 7.058513232672398e-09 
9825 4.815656616747113e-09 
7604 3.4061064932075502e-09 
9274 6.239358385637037e-09 
6448 8.563033594916405e-09 
1681 5.1506770166239585e-09 
8944 1.129259506748876e-08 
176 7.234115596268728e-09 
3544 2.2106108637143154e-08 
545 1.2963366835603944e-08 
6995 1.3728219731357419e-08 
8213 1.7833293005774676e-08 
9969 8.145847167585415e-09 
3732 5.199673052151341e-09 
6379 1.1487695735965496e-08 
9573 9.816848663268406e-08 
568 5.341364934770623e-09 
5238 5.5338811195216947e-08 
8861 5.784615300001919e-09 
4325 8.080665361885966e-09 
6039 1.0584978293393457e-08 
4638 1.3935756886245161e-08 
4822 5.368705406887803e-09 
3994 3.2124628370898845e-08 
2921 1.4350897008501978e-08 
2126 3.2778058593806256e-08 
3191 8.963918215771499e-09 
8635 1.1859099629174183e-08 
6716 1.2497335614503405e-08 
7887 5.800394132018938e-09 
9412 5.366211595740633e-09 
8968 9.992824335906293e-09 
34 3.263661198916025e-08 
9306 1.4418392858448446e-08 
7805 1.4291195650712255e-08 
3212 1.6390513672757782e-08 
5007 1.1922291075932602e-08 
7515 1.4341518368300338e-06 
8171 8.493954532242352e-09 
1119 1.2909279821439641e-08 
8712 9.129521110883693e-09 
5297 1.2223281268880157e-08 
4851 9.914593700178186e-09 
1818 9.830890759440769e-09 
7618 1.3207609871773197e-08 
1243 2.2544871046523314e-08 
2207 1.3473059621411064e-08 
8055 2.2926199956866105e-08 
9583 1.1863462543826135e-08 
4323 6.0459781564894954e-09 
3227 4.1026381113976745e-09 
7221 6.2015489922170874e-09 
9873 8.818610729242199e-09 
8393 4.786484389613169e-09 
4281 1.6616060896450756e-08 
3582 9.88877856878713e-09 
8326 3.136035058807357e-09 
8632 5.896864139565486e-09 
8573 7.3263569562182634e-09 
2011 1.8541859658663222e-08 
5051 1.2707018546870459e-08 
4230 1.1218542872123462e-08 
4725 5.637260101646127e-09 
897 3.371465956685405e-08 
6113 5.976520541699573e-09 
6397 1.8278677736119006e-08 
4909 1.3704423846606917e-08 
6302 1.091345587153885e-08 
287 4.937414296857234e-09 
1566 5.492537446562251e-09 
770 6.87799443376165e-09 
9850 2.2287848025167624e-08 
4329 6.460844132914409e-09 
9554 1.828456988833653e-08 
9262 7.931081032371001e-09 
7323 5.660917717659891e-09 
3542 8.790979107533604e-09 
1256 2.332963091607838e-08 
1591 1.7363481487472562e-08 
9119 1.1062097378953042e-08 
8591 1.2658765582420836e-08 
6937 1.449679011859481e-08 
2018 1.0719534883764197e-08 
877 1.2168011764520682e-08 
1384 8.178950169912547e-09 
5867 5.7926196187808865e-09 
3034 8.92730315485337e-09 
7816 1.0823010834879083e-08 
6934 1.337722160127397e-08 
7151 1.1615847122603377e-08 
4539 4.941580667014098e-09 
8746 1.1673251177420248e-08 
8506 6.669560666553928e-09 
4364 3.1735688795690806e-08 
8866 1.9701687908868764e-08 
336 2.0211096376208677e-08 
6173 5.998005288190139e-09 
2044 5.911082101659609e-09 
6422 8.119015616498554e-09 
5724 6.885539589884804e-09 
5512 4.648806481910225e-09 
6551 1.0557922301506449e-08 
830 8.905047895043858e-09 
9942 8.037974105973636e-09 
5693 6.109307426269139e-09 
529 4.6013412828441267e-07 
3801 4.990156951068317e-09 
7585 9.620485576580795e-09 
1832 1.0862522332251608e-08 
4498 9.310918663136235e-09 
3743 7.646683151143986e-08 
802 1.598824965432996e-08 
2570 6.765533907193352e-09 
2591 9.503071373871338e-09 
2623 8.771834734164034e-09 
5029 1.5182298030314706e-08 
2837 5.934436117380681e-08 
8881 1.1892865690410308e-08 
4890 7.060721865037936e-09 
3535 1.0800822213170858e-08 
8317 8.076446218188357e-09 
2193 5.482805436225757e-09 
223 4.7073002926167895e-09 
7405 2.8627744505364296e-08 
8417 2.327153313764563e-08 
5083 7.699175602290421e-09 
6165 1.6011350931731394e-08 
5067 6.979102249469544e-07 
6680 8.925374558681719e-09 
500 1.4970519909666968e-08 
2188 1.1844246662986481e-08 
638 1.0338337161287965e-08 
3758 1.520455376402899e-08 
9812 1.117400323939928e-08 
5192 1.4859294610080134e-08 
7332 4.361454290823311e-09 
5040 7.737432926790619e-09 
6236 8.298380021711698e-08 
8514 9.008052487637953e-09 
7436 4.211253425406153e-09 
7181 6.4720475736503025e-09 
6584 1.1154388655245338e-08 
8959 6.130587603759077e-09 
6359 6.158762076930238e-09 
5435 1.2922357032086468e-08 
7769 5.682762766433258e-09 
3262 6.654602284798458e-09 
421 5.209285469784039e-09 
1176 7.538505664324291e-09 
2974 1.3035761783279469e-08 
9013 7.704595587172333e-09 
3329 6.550087870964977e-09 
4342 6.147756671792681e-09 
8487 1.1436305709833401e-08 
6922 2.6717079487236124e-08 
4573 2.5358267911770958e-08 
7747 1.4598155677661949e-08 
9546 8.986680102114272e-09 
7240 1.7782253832778188e-08 
4486 7.234820190637689e-09 
1399 4.971665498038069e-08 
2696 1.6926366040335636e-08 
6399 1.3346947883062857e-08 
4678 3.981282053412325e-08 
6846 1.1534586493843618e-08 
7371 2.845095022264597e-08 
2083 3.845737813726498e-08 
18 2.663077391186529e-08 
7006 6.632623846848651e-09 
8259 7.653483815239434e-09 
4633 1.7480715203751097e-08 
4118 1.4290717430384334e-08 
6894 2.4364859708254048e-08 
1609 2.4833009410146854e-08 
6635 8.67119155764564e-09 
8429 1.285532153600874e-08 
4861 6.357643261671597e-09 
1111 5.409171550995254e-09 
1835 4.316830608903574e-09 
7096 1.1213978799479336e-08 
1686 6.57488748710168e-09 
8962 7.452950954089585e-09 
3310 1.022741110370675e-06 
7900 5.709881483861173e-09 
8430 8.1868925782538e-09 
1373 5.380573993079771e-09 
262 5.105421515671366e-09 
4133 7.655943465995074e-09 
1121 1.0494750246245986e-08 
8982 7.656448111438888e-08 
789 6.7820519705861365e-09 
3819 1.071882635374135e-08 
1116 1.2630831233142667e-08 
3694 1.4403423919599583e-08 
572 1.1234631866626453e-08 
6467 7.658022431900752e-09 
8000 7.3072916955633366e-09 
4292 9.531516667256356e-08 
9038 7.390468706198333e-09 
2189 9.12010921828594e-09 
5627 5.342246128543088e-09 
4052 7.297360598169239e-09 
4950 2.2506839202732795e-06 
8557 8.988597574588475e-09 
1292 7.113451993027639e-09 
7551 1.0023676053246e-08 
6380 4.970546805296546e-08 
5529 8.63805147094214e-09 
5195 1.1637687686574458e-08 
6284 6.315644755653174e-09 
7567 7.722040749023884e-09 
8184 5.0300638205439535e-09 
7241 1.3260674385710651e-08 
7023 2.031190150195714e-08 
127 9.064967380033317e-09 
6011 6.6832117155950915e-09 
5075 7.72504241770746e-09 
3715 1.2850339888644154e-08 
9007 4.799402268619232e-09 
9116 2.9784206530898867e-08 
7401 1.2648807445132977e-08 
4880 9.938389483013683e-09 
9887 7.0996563300649435e-09 
42 6.010083260492988e-09 
8615 7.632759572171258e-09 
377 5.228297801640469e-09 
4381 1.7186199745180663e-08 
9644 9.475064866818622e-09 
2389 9.255137762946564e-09 
5116 1.5176460013287436e-08 
9392 3.919367765666676e-09 
5125 9.985840205509883e-09 
3770 5.5787263907817325e-09 
2544 1.142809438877887e-08 
2705 6.971991618363524e-09 
7800 7.137037366699087e-09 
4088 9.098257954540459e-09 
8138 6.589311626285094e-09 
743 6.156303774271579e-09 
2867 8.16322235264351e-09 
2332 3.823959633317275e-09 
2313 1.0741140018112431e-08 
7484 9.962527208686074e-09 
2351 6.2844684922593735e-09 
5480 9.579892971565626e-09 
6055 6.4987589545872915e-09 
390 9.813889588895612e-09 
6477 6.2617505163214265e-09 
7662 6.2951249217742256e-09 
5381 5.6763508286122866e-09 
3950 5.4658508481016804e-09 
7014 6.26009370643249e-09 
3016 1.2852893634053737e-08 
439 7.724503900234658e-09 
8847 2.03345573171693e-08 
7142 1.1613340777428573e-08 
6459 5.77419620516155e-09 
7175 1.0404284752534368e-08 
7779 9.566398552441832e-09 
7427 1.832313544332864e-08 
7396 5.7119494269002036e-09 
8938 7.571548201997305e-09 
5903 1.119661085461493e-08 
6243 7.54820077167144e-09 
4099 1.1007757173765904e-08 
1596 8.908926612378153e-09 
3869 1.2756193511101292e-08 
1773 6.065682729749014e-09 
5875 8.296950689099143e-09 
925 8.7111926814782e-09 
8479 1.447129083090911e-07 
2584 1.678579604925002e-08 
8783 7.290713158156366e-06 
2960 7.540026119527005e-09 
7690 6.705644375708253e-09 
7818 1.3703194283389182e-08 
6777 7.956357791572347e-09 
9150 8.757297396250717e-09 
783 4.5393572596554715e-09 
7576 7.406149039749024e-09 
6682 5.655619380153312e-09 
4085 2.8291360818237434e-08 
7330 1.6884598726281657e-08 
79 1.1515217969155882e-08 
5011 5.617690312931245e-09 
4189 8.08242285078864e-09 
5930 4.173695824713497e-09 
8450 1.6909413567056317e-08 
2440 4.69605176381567e-09 
6097 1.1523975139058305e-08 
869 8.172874005384426e-09 
3754 6.66317087045067e-08 
1241 6.8913172206457735e-09 
9762 4.256302485591487e-09 
5756 6.331604708413596e-09 
8699 1.1951381271245974e-08 
4377 4.911693556432575e-09 
6326 5.5456576256076445e-09 
7260 1.579328908515691e-08 
8706 4.955415807512617e-09 
3423 6.29064181337203e-08 
965 2.9696092689588706e-08 
9928 2.218190858711876e-08 
3062 6.2146951508579296e-09 
8051 1.3095991528515837e-08 
4100 1.9936581915945897e-08 
8235 1.1216733064828115e-08 
274 2.620071553439225e-08 
2461 7.315365932372003e-09 
9369 1.8742080625212484e-07 
2276 4.456549894740758e-09 
8409 6.995363642080948e-09 
3680 1.0948319755237253e-08 
7771 1.7947588483425113e-08 
4510 6.029556873753117e-09 
5845 1.1262579189576238e-08 
7490 7.1727290172889785e-09 
6481 3.416539368702055e-08 
6196 1.5679924556780307e-08 
4483 3.0040342715751886e-08 
3946 1.9881643763394394e-08 
813 7.226441481669732e-09 
4356 1.1139247595723725e-08 
8069 1.468765296994308e-08 
6072 6.557213867155673e-09 
6138 4.263368658325231e-09 
4913 8.33797163669707e-09 
6691 1.0399886445620378e-08 
5397 1.0884614999573904e-08 
1187 1.6412782073856567e-08 
1963 7.691545089423893e-09 
6248 8.428267152227852e-09 
9196 1.721532923832335e-08 
8520 7.014669484162184e-09 
2348 9.326924575009908e-09 
3669 8.726716601409855e-09 
2512 7.772413781591964e-09 
2573 1.6432786675726983e-08 
1619 6.1848726483175465e-09 
6670 1.67864660137137e-08 
2721 1.3689630675036389e-08 
5084 9.11092837784476e-09 
1348 6.305116525672644e-09 
5633 1.2270211502559379e-08 
9048 1.2331621095139703e-08 
9032 1.2084582447571823e-08 
8971 2.2804240094084337e-08 
2805 1.8508949400485725e-08 
7532 6.054854611182298e-09 
6577 6.660048657534945e-09 
8769 5.853299861078784e-09 
5979 1.9135219575202624e-08 
9919 1.4654224527745584e-08 
647 1.5546409185278505e-08 
2810 1.8335118578895367e-08 
6358 8.951043187254218e-09 
7252 8.43176815759454e-09 
9611 6.5645486910931306e-09 
5907 5.143752458041176e-09 
5508 2.0128279773620403e-08 
4915 8.134463000538869e-09 
1211 7.142308282347479e-09 
6292 6.436165210597228e-09 
9744 1.7132947081942383e-08 
8280 1.6890762099316253e-08 
481 2.1531152946880402e-08 
6083 1.2227081551776688e-08 
2306 3.662718541387177e-08 
9484 1.5968776263764958e-08 
7675 1.3603079482608048e-08 
4783 5.1187056988866164e-09 
496 7.267928184848463e-09 
2482 5.466105576414776e-09 
531 1.3556026083670451e-08 
3824 1.0262534700408547e-08 
5780 8.437588092189557e-09 
2251 8.119939975395271e-09 
3480 1.8511978015333785e-08 
7942 6.8329452237395755e-09 
4867 1.272688937310057e-08 
1443 4.674308080139175e-09 
6313 7.1296224262926144e-09 
3696 4.48767581862769e-09 
2980 7.266785395860023e-09 
9084 1.3438287008345207e-08 
1439 1.0777321373983857e-08 
2786 2.2989013938692383e-08 
6639 4.3475985422869456e-08 
8501 7.952849876151531e-09 
5564 4.625676557502151e-09 
6669 6.375142036019535e-09 
5745 2.3772114102996612e-08 
2691 8.205021381616807e-09 
5862 7.065303440174572e-09 
7691 9.597551349797492e-09 
9863 7.00619512189124e-09 
3903 8.879101100092539e-09 
5154 5.346940981556386e-09 
9294 1.2438163519762e-08 
3984 6.638743121640395e-09 
6966 3.770092695063593e-09 
7991 1.2441366663241624e-08 
7783 5.9371664008767144e-09 
4577 5.9257511026995086e-09 
1616 2.0506353590665424e-08 
8828 4.230177222597957e-08 
5521 9.155706858247556e-09 
4940 8.227512270542366e-09 
6971 1.2854143599137433e-08 
5055 1.1291673275874367e-08 
2403 7.217039767670394e-09 
8960 1.8396364940013923e-08 
6259 8.035058542241354e-09 
747 3.5174227107359624e-09 
9112 5.685048692655875e-09 
8353 5.543655266608549e-09 
9717 1.5334713827854125e-08 
6444 6.662307218711569e-09 
2536 1.3463630240236535e-07 
9131 1.4672243335979267e-08 
9640 1.5500990361845372e-08 
9236 9.708144727677524e-09 
7655 6.207995488114945e-09 
3772 4.623234704792534e-09 
5073 2.3402307165103307e-08 
5591 1.453507341537489e-08 
9425 7.162054336314755e-09 
