5876 6.449416724667318e-06 
4033 6.8349642086937085e-06 
3769 1.7231366399245611e-06 
7423 6.467818158043188e-06 
5000 6.646517195041563e-06 
7792 6.9322541808274105e-06 
7195 6.792752738780577e-06 
3945 6.900798052368671e-06 
1880 6.921635076658643e-06 
3578 6.884762550078606e-06 
5875 6.9221277464694695e-06 
5788 6.206298846437963e-06 
3263 6.649283069481608e-06 
1554 6.916110919746247e-06 
3475 2.5122995982042223e-06 
6029 6.913884465363417e-06 
5945 5.229249335097372e-06 
7351 6.9104951891263015e-06 
2046 6.91234788556845e-06 
7990 6.955423791654932e-06 
9157 6.761565688049847e-06 
1411 7.50850548773207e-06 
2742 7.173415378658321e-06 
4975 4.809125429436207e-06 
5315 6.9121853810498495e-06 
5053 6.965456929444113e-06 
3503 6.880943310760804e-06 
9821 6.9166267854284895e-06 
3553 6.766073580378079e-06 
1165 6.916487159904072e-06 
8923 7.282856891553768e-06 
5208 6.9059949596552525e-06 
6368 6.858299546022356e-06 
2336 6.933407520460051e-06 
4847 6.8484829682196126e-06 
5231 6.509047932318664e-06 
5996 6.915505361828732e-06 
4163 6.940219472901237e-06 
8409 6.6363815676074466e-06 
8666 6.103565209440191e-06 
6161 6.918829460393937e-06 
8148 6.772383904250833e-06 
6401 6.658783289323816e-06 
1842 6.172680682528717e-06 
3581 6.74325199515436e-06 
8282 7.1122748756754504e-06 
5350 6.9117279187805376e-06 
1820 6.90055748113438e-06 
8283 6.628087143471719e-06 
2195 6.896387466000016e-06 
368 6.9321164403948135e-06 
3403 6.875135131600844e-06 
6708 6.922542792924876e-06 
9988 2.0785510525177944e-06 
8115 6.919772091159011e-06 
2466 6.935655108599754e-06 
5074 6.913625507299395e-06 
9818 6.9045670131800195e-06 
467 6.9120481955664555e-06 
3635 6.9145569404276076e-06 
1106 6.915209687744928e-06 
3266 6.90817487139914e-06 
4826 6.911113624170756e-06 
3430 6.920577756228748e-06 
7651 5.111187448439358e-06 
9197 6.9167360621078315e-06 
5169 6.57637632554789e-06 
3527 6.906039069428042e-06 
1430 6.924828644865522e-06 
6430 6.932474482449476e-06 
9802 6.92107421544119e-06 
5652 1.0356402792570626e-06 
7127 6.907755346050495e-06 
7779 6.9054640039215915e-06 
876 6.917498292526024e-06 
749 6.798767964501805e-06 
9160 6.918021969386633e-06 
86 6.823400677474116e-06 
310 1.6538043344803193e-07 
7223 7.121738304937838e-06 
3913 6.8868100766526385e-06 
194 6.856612925293887e-06 
3601 6.306311824035175e-06 
3559 6.750658674362202e-06 
9835 6.921125928277975e-06 
4490 5.600318793752899e-06 
4401 2.8493376126858947e-06 
1119 6.9150096082874914e-06 
2061 6.89007855870786e-06 
2442 7.021108224713985e-06 
6423 6.559006592972531e-06 
3973 6.8699998223337994e-06 
9849 6.851278268591651e-06 
5395 6.908632433353924e-06 
1891 7.010362145167961e-06 
9628 6.910962620424944e-06 
1489 5.957032801005973e-06 
2652 6.914748156006062e-06 
8950 6.718980015578971e-06 
9675 6.767490771747884e-06 
5229 5.569303270144794e-06 
1493 6.264834044066905e-06 
6100 1.0572615719147524e-05 
725 6.9076563596908855e-06 
9804 6.9215974700171595e-06 
9201 6.347637292237342e-06 
3362 6.808984765516537e-06 
9322 6.919468747584358e-06 
8593 6.885051897158687e-06 
9876 6.916689167470506e-06 
548 6.886737222145027e-06 
4254 6.933559150100231e-06 
8058 6.91096145584867e-06 
1020 8.685923503734018e-08 
9621 6.891392470710738e-06 
11 7.137147172028424e-06 
730 6.862332216826796e-06 
3647 6.930152430685776e-06 
9226 6.870374110942415e-06 
4580 6.929742075538427e-06 
413 6.88661384829125e-06 
350 6.820986279189706e-06 
2173 6.841369411745421e-06 
3793 6.732443668631791e-06 
6478 6.909953942777289e-06 
3946 6.935688039090795e-06 
6220 6.939249072723982e-06 
9467 6.8988827866125685e-06 
1340 6.799471689646485e-06 
5990 6.90449950202523e-06 
5175 6.308304723172007e-06 
5328 6.863128741791834e-06 
8889 6.91380938889891e-06 
2006 6.853596602681976e-06 
7803 6.913597093974922e-06 
585 6.818299324605797e-06 
9040 6.034732100305029e-06 
9713 6.973284499735128e-06 
7884 6.8911246598205655e-06 
767 6.449975754789464e-06 
2131 6.665064647966923e-06 
4697 6.930672417126655e-06 
8257 6.907205353975702e-06 
6252 6.5035323966737654e-06 
8430 4.794722369064694e-06 
9029 6.872685923661906e-06 
6919 6.871892761381909e-06 
7462 7.18638856891038e-06 
8621 6.524783669196334e-06 
3652 6.917362691685285e-06 
3674 6.925136982663428e-06 
2576 5.799591889124983e-06 
8130 6.896011240807902e-06 
2779 1.8232486135056663e-05 
9822 6.9197237013213655e-06 
4792 6.069981097195302e-06 
2246 9.404894843505762e-06 
2023 6.916898458231422e-06 
8496 6.9212704477843374e-06 
9703 6.890577952314837e-06 
2282 1.7166943168700927e-06 
9904 6.8572384238392406e-06 
8258 6.243651949190724e-06 
7591 7.2271695276258135e-06 
3847 5.342805325571307e-06 
6950 5.177634033539468e-06 
450 6.881529013652593e-06 
1943 5.959087362489799e-06 
311 6.725903735462013e-06 
9890 6.8563182757576526e-06 
546 6.8758653305752115e-06 
8504 5.659721104183752e-06 
9696 6.7869191306141835e-06 
9185 6.649212906230982e-06 
7915 6.297066311371223e-06 
8068 7.036902855838551e-06 
3862 6.95603465538907e-06 
3113 6.8221319314776726e-06 
1470 6.769680315655287e-06 
7543 6.880527433040871e-06 
9168 6.289932319901832e-06 
5311 6.885143684532146e-06 
3351 6.378606396377046e-06 
4743 6.883504246899199e-06 
5507 6.9066344635815765e-06 
1785 6.653904002323906e-06 
7192 6.878842901759367e-06 
5204 6.367773844160792e-06 
5537 6.687101759304517e-06 
6304 7.26408114519064e-06 
7785 6.771925255318562e-06 
7427 6.9106972526004815e-06 
4406 6.924704784528882e-06 
2249 6.813915696125166e-06 
5674 6.909403561485092e-06 
7648 5.8390757531342456e-06 
3210 6.900824999931103e-06 
799 6.917520289926064e-06 
5509 6.823047072820284e-06 
7451 6.7985176174662485e-06 
4432 5.131423871099978e-06 
2240 6.880845271629668e-06 
5699 7.1502878011920775e-06 
4300 2.2395819460475034e-06 
1873 6.903753522126488e-06 
7347 5.256421555706624e-06 
1951 6.910629026099509e-06 
3663 6.2925785398137605e-06 
9483 6.911627665171315e-06 
9561 6.895004623568282e-06 
6237 6.890877242843446e-06 
8850 6.858253292247536e-06 
9570 4.2935761807940335e-06 
5313 6.922247925222521e-06 
5163 6.905523182907821e-06 
5206 6.8832574330716944e-06 
6800 6.9099677586424246e-06 
2048 6.915619186464799e-06 
6490 6.9008496751421965e-06 
3984 9.524924006995374e-06 
3036 6.806918488032838e-06 
8691 6.7632318105218586e-06 
8273 6.900463446894929e-06 
2853 6.921490835306385e-06 
1754 6.881888494257967e-06 
1561 6.8313551631815205e-06 
6047 7.154409106847691e-06 
3308 6.901226210428172e-06 
8256 6.874751276203481e-06 
4289 6.92542930767455e-06 
4812 7.108985888075525e-06 
2108 6.93227635945738e-06 
2217 6.028780192792116e-06 
4281 6.690935946421425e-06 
8499 6.9935739744457884e-06 
1024 6.494729274664815e-06 
5483 9.6993766122408e-07 
1131 6.897503657764886e-06 
2096 6.807278786327026e-06 
7232 6.857103389141422e-06 
9723 6.7184280063829665e-06 
3712 6.913117731553924e-06 
6885 6.8489410516638e-06 
9971 7.687964877258425e-06 
4004 1.326579520708867e-06 
8892 6.748480420080426e-06 
7409 5.415467341601875e-06 
7636 6.17479493418945e-06 
3018 6.996098269052583e-06 
9005 6.791263027944301e-06 
2440 6.327076765298066e-06 
1079 4.83754884967825e-06 
6343 5.656886438505521e-06 
4128 6.17818661837942e-06 
8093 6.91193668038026e-06 
5384 6.902175073746149e-06 
831 6.894888676074452e-06 
6438 7.159448438347936e-06 
9650 6.866363630860078e-06 
2171 6.882411198733307e-06 
1434 6.829553698565744e-06 
2446 6.9157251218599245e-06 
3500 6.901977205542452e-06 
1886 6.918007713932536e-06 
8436 6.915785440746426e-06 
5710 5.603047822226175e-06 
2737 6.931000907301682e-06 
8012 6.903753685469391e-06 
3354 6.862278221005648e-06 
2870 6.9000223856511305e-06 
3171 6.7926072483399525e-06 
8227 6.915371066999334e-06 
8009 1.3663846571447934e-06 
196 6.8951909127100446e-06 
7625 6.835674005082265e-06 
3343 8.040125152836864e-06 
3439 6.9573761688710095e-06 
6370 6.8071634302519215e-06 
1645 6.87661108572774e-06 
2094 6.969999931882486e-06 
5869 6.928077186527587e-06 
8321 6.932508342799258e-06 
5906 6.904184602253742e-06 
4071 6.9149211143381896e-06 
7512 6.892527311203141e-06 
3820 6.923578555484281e-06 
9282 6.917981115105289e-06 
4937 7.162300664234617e-06 
6577 6.885659268875736e-06 
7370 3.1154565714594995e-07 
9097 3.767326361528036e-06 
65 1.9541738514039847e-06 
407 6.9048688872317135e-06 
3384 6.900645352249944e-06 
2210 1.3857709172775303e-05 
5792 7.805877545570878e-06 
2451 6.854123279244877e-06 
6505 1.3213443271405046e-05 
7970 6.876471279281099e-06 
2169 5.797460457136227e-06 
5016 9.52939847486904e-06 
3995 6.9143813794602766e-06 
3481 6.806042648065869e-06 
7997 6.59659301657132e-06 
81 6.905447346134867e-06 
9364 6.911180084130044e-06 
8663 6.789385198199021e-06 
9041 6.918636390108952e-06 
6729 6.867970934789887e-06 
5885 7.039212291443473e-06 
6458 7.818284968707804e-06 
5250 6.70461577019679e-06 
9581 6.941138028994206e-06 
63 2.2818212023179223e-06 
1045 6.916399842420173e-06 
1486 3.977411675128417e-06 
7430 6.920873763058996e-06 
5048 6.929963428879727e-06 
1728 7.3727629823489705e-06 
7905 6.864773306760914e-06 
2270 6.66698851219911e-06 
2987 6.846614588481186e-06 
127 6.909399546724748e-06 
3253 6.916726398889211e-06 
529 6.8171415101384504e-06 
8272 6.96328396051168e-06 
1584 6.70412048144251e-06 
1920 6.9255706200335924e-06 
3334 7.96577862136317e-06 
9191 3.7828651463268237e-06 
7928 6.926948716638382e-06 
1835 7.053006866332999e-06 
1171 6.897135338931308e-06 
551 6.916985204092954e-06 
8779 6.7653082004906205e-06 
298 6.869883289847848e-06 
6174 6.911678994407123e-06 
7056 6.872699958083886e-06 
4670 6.977673517591476e-06 
3115 6.802537111444172e-06 
5237 6.9206403361863905e-06 
7883 6.945411234730982e-06 
3002 1.1892336166138887e-05 
4153 6.910345632220611e-06 
4029 6.8986493501830624e-06 
3042 6.909569439306435e-06 
5818 6.844276775649831e-06 
9371 6.902241773732972e-06 
6206 7.006075326407899e-06 
3597 6.894192642833006e-06 
2734 5.985257508510905e-06 
747 6.886510831708496e-06 
3214 1.6390050846381234e-05 
5892 6.849539651036712e-06 
1619 5.6584407990625875e-06 
6392 6.90787094761148e-06 
1346 7.623060653059343e-06 
5130 6.560748972025735e-06 
986 6.492541124270831e-06 
5263 6.8045929088713616e-06 
9262 1.010809784913192e-05 
6668 6.7033193311617526e-06 
3858 6.9265999743098235e-06 
3444 6.919565464318509e-06 
5241 7.224415609442527e-06 
2015 6.9015381183648394e-06 
3436 6.9037381513378066e-06 
5980 6.9930860768607505e-06 
2560 6.886002236555711e-06 
9152 6.803163731496382e-06 
6595 6.897042586424161e-06 
7442 6.911894319605073e-06 
9919 7.264718675675383e-06 
3486 6.90355252720557e-06 
9353 1.4489161866985462e-06 
9361 6.917092379235704e-06 
8236 1.8425016481276265e-06 
1281 6.923783932084378e-06 
3875 6.913326308691521e-06 
7014 6.549653322269008e-06 
8669 7.618420817659521e-06 
2823 6.9023995487346484e-06 
9116 6.869001417654461e-06 
1006 6.804881171826044e-06 
340 4.0326281835143154e-06 
962 6.917357712923092e-06 
8365 5.470775013793725e-06 
8202 6.899517411137156e-06 
5020 6.982530921683251e-06 
1341 6.809685177643177e-06 
4212 8.57626448305338e-06 
1740 6.953802170213449e-06 
3174 6.921525100331325e-06 
1445 7.043444902424483e-06 
6301 6.913490057487554e-06 
9773 6.674302771562575e-06 
5023 7.436409285954015e-06 
9 6.751538021804146e-06 
2346 6.9489641518651425e-06 
7131 6.916951158081888e-06 
4823 6.95298195839706e-06 
9192 6.8818739207274255e-06 
2090 6.69054024041294e-06 
8293 6.485307152001769e-06 
5283 3.248837276995508e-06 
7923 6.905619869809887e-06 
940 6.913610647049483e-06 
9422 6.872295550109515e-06 
9616 7.057760978484692e-06 
2723 6.863013347265213e-06 
1276 6.958235856227285e-06 
1567 5.0864512158900725e-06 
5853 6.915671576134208e-06 
1520 6.838576968207895e-06 
6693 7.289498005716346e-06 
6853 6.085595781632045e-06 
5410 6.800337682983979e-06 
3831 6.421182605079023e-06 
7356 6.868384098212923e-06 
6389 6.880821634018198e-06 
4616 6.923918083107184e-06 
8101 6.917259690575335e-06 
895 6.86304786451519e-06 
4973 6.341371205396344e-06 
3185 6.8867683048884496e-06 
3789 6.981856184074315e-06 
2104 6.915646644661665e-06 
3 6.817307586127796e-06 
1657 6.956154974061807e-06 
7590 6.817931085956187e-06 
7661 6.798846780253421e-06 
7215 6.895483026255046e-06 
3109 6.885730484293475e-06 
8079 7.073643568882432e-06 
3401 1.5997980738614482e-06 
6354 4.60625660818953e-06 
7301 4.090646881282143e-06 
3216 6.9148179264976635e-06 
5626 6.896096848367061e-06 
3223 5.393204972501951e-06 
2165 6.889866545442335e-06 
7202 6.931547375997845e-06 
5096 6.966815940287194e-06 
651 6.773333412762818e-06 
271 6.76694173763788e-06 
5159 7.026834283411423e-06 
5034 6.674742658139984e-06 
6188 8.243468485104531e-06 
6992 6.504360341148973e-06 
2831 7.384098619878179e-06 
6264 6.8330472645509695e-06 
8968 3.911670214477631e-06 
7633 6.8558548031905065e-06 
3654 6.933104171791363e-06 
45 6.851761957638535e-06 
4015 7.179612980459342e-06 
3982 7.00327494751218e-06 
8762 5.599743230126601e-06 
1888 6.901733982874138e-06 
4166 6.936277925225874e-06 
5104 3.5366326651898984e-06 
5997 6.043038495377374e-06 
6659 7.0225131943207785e-06 
3909 6.9094714110912824e-06 
3750 6.918947987082183e-06 
6525 6.915177033969339e-06 
6765 6.939005307435841e-06 
2066 1.947530633212202e-07 
9024 6.919330058500696e-06 
3034 6.099655331400855e-06 
6711 6.561825328902574e-06 
1 6.800833408028102e-06 
7754 6.736564541349168e-06 
7494 6.873043949309552e-06 
5186 7.2012008495646285e-06 
8123 5.13606200857715e-06 
7524 5.699992999190374e-06 
1497 6.898474628234655e-06 
6945 4.612128434341616e-06 
8706 6.9159739619999785e-06 
4919 6.931076063173896e-06 
8986 6.758736185033068e-06 
6995 6.897938405771359e-06 
3620 6.859391702825818e-06 
2351 6.893838940201985e-06 
1382 1.9280784300526737e-06 
2233 6.909615633249402e-06 
5666 4.564923235564469e-06 
7660 6.906241654689697e-06 
3484 6.903999121168449e-06 
2506 6.8445870165222195e-06 
7539 6.912544407573556e-06 
7040 6.98311966900882e-06 
2160 6.874663964449177e-06 
5671 6.9549752240405155e-06 
9107 6.9013792690086785e-06 
2901 6.926870524805784e-06 
3121 6.918291630744673e-06 
6236 6.690216505808597e-06 
3672 6.758981019063866e-06 
7314 6.916624981345579e-06 
6373 6.895286186553527e-06 
2579 6.9862307292261156e-06 
3963 6.915197308860767e-06 
49 6.886846583210142e-06 
5579 6.89808561627319e-06 
6011 7.008049470651931e-06 
4980 7.000263431718681e-06 
9251 6.914691899865798e-06 
4384 6.918638488209688e-06 
2945 5.910476697738957e-06 
847 6.746859797284149e-06 
6340 6.958536722535695e-06 
1047 6.9242681898615295e-06 
19 3.4381979949738402e-06 
5243 6.906736723506375e-06 
3956 6.939684327431982e-06 
9433 6.838273826130763e-06 
1450 6.643775900429607e-06 
3530 6.767021688670019e-06 
2836 7.119649392433159e-06 
5129 6.918026695205749e-06 
320 7.216774647251057e-06 
6454 7.5203722531284145e-06 
1698 7.167526571045936e-06 
5322 6.90503446859635e-06 
6975 6.916562478457954e-06 
8688 6.7091878954607765e-06 
931 6.915003047275373e-06 
7207 7.0548468187915286e-06 
5380 6.897997238909146e-06 
8530 6.997903022054189e-06 
9011 6.882626163960363e-06 
9528 6.924756852007388e-06 
0 6.898830247257673e-06 
9166 6.929970126980501e-06 
6390 6.8901800992590045e-06 
477 6.829676056945179e-06 
7354 6.839814203782452e-06 
116 1.4543580706687407e-06 
8726 6.916536710414664e-06 
1250 6.913808358383865e-06 
624 6.441059484711275e-06 
8023 8.029729490661966e-06 
1676 6.649092067967393e-06 
6928 6.8490615246919674e-06 
2416 6.910542835410888e-06 
7210 6.900084651384546e-06 
3921 6.9242157139250915e-06 
2081 6.943213816471582e-06 
8813 6.831205316719589e-06 
2352 6.89525334931042e-06 
7926 6.875469146284589e-06 
2256 6.449715783831436e-06 
4063 6.922419976694395e-06 
4336 6.922748118842322e-06 
7102 6.9092780510247556e-06 
9591 1.5950056232729242e-05 
9376 6.672369966431198e-06 
3570 6.890501580483718e-06 
6966 6.905056107253053e-06 
6466 6.667122906944815e-06 
5715 6.9205496234486e-06 
8038 6.8539025758295335e-06 
9903 4.775048550606805e-06 
9532 6.9172261992158455e-06 
4431 6.910613048171312e-06 
399 6.670054172188118e-06 
3901 6.89473927187811e-06 
9472 6.8989021794169245e-06 
1212 6.893559005219535e-06 
5564 2.7970740835420528e-06 
2025 6.891756981916548e-06 
9597 6.922939395760934e-06 
4654 6.942703711490566e-06 
4273 6.121715076027794e-06 
6683 6.938271313568923e-06 
6385 6.928602069926638e-06 
155 6.36111430014287e-06 
8245 6.9155217543499915e-06 
5595 6.912281579170865e-06 
2387 6.7535869988607274e-06 
735 7.4082176905487885e-06 
4043 1.3104553104556549e-06 
6313 6.920310198725031e-06 
5811 6.899223726238723e-06 
17 7.091791048477053e-06 
7898 6.269387631884929e-06 
7090 6.950207781635496e-06 
4456 6.917239213122726e-06 
6661 6.859121078019809e-06 
8517 5.229616504171439e-06 
3562 5.905019319700977e-06 
4591 6.8216662202169905e-06 
387 6.809284815432435e-06 
8516 4.0858196488529605e-06 
2134 6.9048272457880845e-06 
1392 6.904703174969082e-06 
3600 6.909897560231514e-06 
8799 6.907278744055329e-06 
7291 6.474945758325205e-06 
7326 6.989373195956548e-06 
5890 6.907408332848707e-06 
219 6.911134564995469e-06 
4389 7.154047235017902e-06 
9795 5.322979828707341e-06 
1014 6.962556800828017e-06 
3617 6.834044301845729e-06 
3186 6.8147564481165585e-06 
4298 6.8802478442529614e-06 
5086 6.708363965711202e-06 
3521 6.919104722144517e-06 
1624 6.9304459621254585e-06 
5633 6.855879892955451e-06 
6832 5.193436540794574e-06 
7949 6.868106777201069e-06 
5488 6.749894881093413e-06 
893 6.9074362726389885e-06 
1930 6.829997104324074e-06 
4077 6.915375657483686e-06 
2809 6.827999095625954e-06 
4642 6.905566733011703e-06 
8693 5.3931702998444286e-06 
9239 6.9049036463355805e-06 
4418 7.153737768498215e-06 
8543 6.65622083926519e-06 
7854 6.916403832176349e-06 
8872 6.8754297614777885e-06 
6027 6.88464576650663e-06 
8150 7.1622798504063585e-06 
8340 6.89950884647689e-06 
6697 6.9132530221882975e-06 
5345 7.184246011524983e-06 
6629 6.698573823285404e-06 
6146 6.926331732663438e-06 
7289 6.813150726922376e-06 
3295 1.6162375256833154e-05 
1270 6.054258407475685e-06 
4369 6.938384585752325e-06 
6578 6.603696709933604e-06 
5634 7.0388520083396204e-06 
1852 6.9188357684603724e-06 
5965 6.917935533604335e-06 
6962 6.947896801919388e-06 
566 7.81671009112852e-06 
4673 6.917627741795582e-06 
1566 6.929936210738764e-06 
9881 6.930944142587176e-06 
4674 6.335443166617031e-06 
4411 5.8831175322713175e-06 
8487 6.657617984791536e-06 
9750 6.919734848968343e-06 
7881 6.907737349869189e-06 
139 6.913138645891829e-06 
306 7.237523912126624e-06 
4522 6.726993618245856e-06 
5364 6.917835904850607e-06 
9090 6.91526254754691e-06 
8289 7.3103172028393856e-06 
430 1.0330174761241127e-06 
2882 6.909715171878723e-06 
6601 6.832113666708085e-06 
8792 6.4072744122689105e-06 
9885 3.398374038524004e-06 
369 6.361530754423309e-06 
2119 6.916137438986435e-06 
1732 6.8970694542518415e-06 
5992 4.371822476585141e-06 
6574 6.869358900593409e-06 
4007 6.908344163388826e-06 
4806 6.849462986235559e-06 
9916 6.905725937730933e-06 
3932 6.60244476117411e-06 
9848 8.60716322997051e-06 
4297 6.925856669687315e-06 
717 6.995432474149351e-06 
8998 6.7532818268880735e-06 
2456 6.711356665845083e-06 
4717 6.989104947264763e-06 
7100 6.859667856458484e-06 
927 7.0289585945369785e-06 
535 6.908029970420213e-06 
5420 6.8752413761133804e-06 
4547 6.9124880650805856e-06 
8815 7.065306614432986e-06 
2168 7.043498855689518e-06 
5445 6.906505458324711e-06 
4798 6.920891349174941e-06 
9565 6.8558619001680295e-06 
284 5.5679494039710075e-06 
1084 6.911340459701856e-06 
3573 6.6018962541637505e-06 
999 6.912806765912858e-06 
3407 6.8955260958399405e-06 
7837 1.1798192270489998e-05 
5510 6.899048381267777e-06 
8581 2.75742594074685e-06 
8165 6.680988363887722e-06 
7400 6.691006077385164e-06 
1717 6.743981877643684e-06 
9706 6.934073202883633e-06 
9519 7.097087750173001e-06 
2422 6.913051785975737e-06 
4993 6.902629810909501e-06 
1363 3.839880185978671e-06 
4989 6.90048696492994e-06 
5742 6.92215404926426e-06 
5930 4.233641243976738e-06 
8362 6.965749189801352e-06 
7340 6.912625599671637e-06 
1204 6.733060206774203e-06 
290 6.991652372196954e-06 
2610 7.144942353327852e-06 
3914 6.983796599037575e-06 
7529 7.135837578910745e-06 
1167 6.858908102549687e-06 
7238 7.060297457332655e-06 
5924 6.9225110134533e-06 
6048 1.5018033300212323e-06 
5343 6.90989873453291e-06 
6735 6.88387142298361e-06 
64 6.861640004913175e-06 
4164 6.848532275044791e-06 
9806 6.340649210206733e-06 
1702 6.910973607008968e-06 
7499 6.909379302104459e-06 
6850 9.637089353349788e-06 
3896 6.910577079546579e-06 
563 3.2678033224602975e-06 
1641 6.925072227934823e-06 
332 6.987176932854846e-06 
7247 6.097910335536575e-06 
844 6.913060979282821e-06 
5841 6.823612808360909e-06 
8846 7.175684488379146e-06 
5552 6.912499845496135e-06 
9414 6.893343002684053e-06 
9056 6.926800948689686e-06 
445 6.528788194629939e-06 
2493 6.778636239212182e-06 
4881 6.9048752922158235e-06 
7173 6.919372397446121e-06 
8566 6.959917494066971e-06 
6921 6.900492745033652e-06 
2768 6.765718621977003e-06 
6901 6.904905339012612e-06 
8247 6.919030007986764e-06 
7170 6.81255025115588e-06 
2846 7.077479736753148e-06 
4991 7.051280162739179e-06 
9665 6.9151616866167505e-06 
4668 6.929937072198243e-06 
3316 6.899704342917469e-06 
1091 6.999152681198105e-06 
8937 6.951023675420334e-06 
5342 6.909610362061668e-06 
2411 4.754782779180825e-06 
9225 9.62620671191421e-06 
5985 6.916155239438052e-06 
4556 6.918256228055821e-06 
1772 6.710689251743805e-06 
622 6.810728738322429e-06 
3244 8.092759941508294e-06 
8894 6.968584854614086e-06 
3400 8.031530618158485e-06 
1954 6.955519572499072e-06 
6521 3.046945487260547e-05 
1046 7.2322387072536015e-06 
5056 6.90978464455729e-06 
372 6.862487793449628e-06 
2669 5.6414415389092064e-06 
8371 6.08921667430838e-06 
2453 4.061811486850686e-06 
770 6.907677267910891e-06 
1918 6.903155550974453e-06 
1350 6.946879605588951e-06 
9943 6.66936536522222e-06 
8683 6.908639280317153e-06 
3632 6.88970193284304e-06 
9744 6.916144196113596e-06 
7205 7.0112888855585965e-06 
8017 7.809102132494945e-07 
4066 7.035195041584692e-06 
8397 6.911963822266511e-06 
3087 6.896325979209536e-06 
4137 6.926753701917684e-06 
5907 6.90006913737451e-06 
2185 6.948106336630268e-06 
5470 6.840570963855928e-06 
9134 6.883056395151334e-06 
5860 6.913200216058067e-06 
2884 6.721120330054296e-06 
8529 6.857053814663239e-06 
534 6.2973682332480175e-06 
1400 6.907497678707607e-06 
7322 7.285171642081804e-06 
7282 6.924881971693537e-06 
7612 6.880312584511227e-06 
5576 6.835356845205033e-06 
6679 1.0009556227514235e-05 
457 6.920905478084944e-06 
4314 6.9052622156186504e-06 
6530 6.255255218795862e-06 
1193 7.542055410938834e-07 
5968 6.719629536466312e-06 
9279 8.922701457382829e-06 
6327 6.897091613397258e-06 
5977 6.9107044261303375e-06 
8467 6.69957204669192e-06 
4944 9.698164504244402e-06 
9787 5.134693237546552e-06 
2197 6.566888488165558e-06 
9453 6.697767476347742e-06 
1556 6.909592023838705e-06 
4449 6.916757713883842e-06 
887 6.35748714056065e-06 
8113 6.832245029132588e-06 
5613 6.873102610711856e-06 
2900 6.874786610003545e-06 
697 8.700321049642886e-06 
8928 6.924224101599877e-06 
2182 6.973020064259453e-06 
5081 6.9379105049864386e-06 
6030 6.885224638187331e-06 
572 6.9254025607678555e-06 
5873 6.4749734846290336e-06 
2630 6.988655909510764e-06 
5473 2.7429374570560798e-05 
2310 6.765591140737511e-06 
5260 6.911428208285407e-06 
843 6.11121012333761e-06 
9055 6.89656701781125e-06 
498 6.656806086401694e-06 
54 6.914618058888469e-06 
8006 6.911201313108925e-06 
6133 6.632699010413406e-06 
6529 6.923056345269085e-06 
3363 6.865328774642779e-06 
7762 6.773481204196186e-06 
924 6.988061892914142e-06 
1926 6.935106802877607e-06 
1479 6.85334710344051e-06 
9827 6.941782894826941e-06 
9430 6.8180703236995594e-06 
4167 6.904252134843111e-06 
1018 6.879153837731825e-06 
7402 6.910492457368442e-06 
3557 6.891540136074251e-06 
2600 6.815792829601767e-06 
7631 6.909670451873816e-06 
2558 6.7346297257038895e-06 
7257 6.962025340650253e-06 
4979 6.573515413994292e-06 
5728 6.919701502409411e-06 
8709 6.918268850095572e-06 
2144 6.824956577248109e-06 
1069 6.314846887341574e-06 
6497 6.91852954277533e-06 
2879 6.824067871705838e-06 
3468 6.788244206003099e-06 
9640 6.9250181038167125e-06 
1393 6.8995283613573e-06 
8376 6.901066916786396e-06 
9883 1.5077079421922386e-06 
8997 6.909154609768569e-06 
3714 7.054675322498305e-06 
24 6.926754233660163e-06 
8651 2.736439138225497e-05 
379 6.708889450498226e-06 
1376 7.031905533561941e-06 
4030 6.913798614098793e-06 
743 6.2818560355950455e-06 
1380 6.90888161210789e-06 
6939 6.793707730517254e-06 
9119 6.914068822461277e-06 
2950 6.535835797848779e-06 
4109 6.908251833981949e-06 
1631 6.987835619436844e-06 
1001 6.925328859004829e-06 
4811 7.271175424853675e-06 
176 6.806084758140121e-06 
5387 6.777316867222094e-06 
8791 7.854032951002502e-06 
3422 6.771544460578002e-06 
8250 6.788912845739323e-06 
600 6.886791427661454e-06 
4916 6.908997640675608e-06 
8455 6.915700411307799e-06 
5662 6.854377555816165e-06 
4032 6.93365890196996e-06 
6716 6.146998344979555e-06 
942 6.913111007482879e-06 
964 6.877627610106285e-06 
4599 9.731046508123205e-07 
4890 6.914580453478159e-06 
4918 6.9194383870831115e-06 
2102 7.137587693406602e-06 
1994 7.109178214834828e-06 
61 6.9129283855145194e-06 
8822 6.9651302792532305e-06 
279 3.404941079998505e-06 
3546 6.811815650164392e-06 
9393 6.9168021372924415e-06 
691 6.830108742803709e-06 
9501 6.774955998402659e-06 
4321 6.9178787221494115e-06 
7859 1.0473818942813065e-06 
1058 2.5225668634661188e-05 
1448 1.5442696080257418e-06 
5275 6.950096227918121e-06 
5724 6.911525277425366e-06 
76 6.843242113852695e-06 
5182 6.502133898878565e-06 
8887 6.483334755115423e-06 
5982 6.7832934790712165e-06 
2247 6.9346760977171e-06 
8979 6.854142391233562e-06 
8733 6.913373405298343e-06 
2849 6.964245777602653e-06 
6637 6.915452783714796e-06 
4793 6.853761463052991e-06 
4537 6.923286579882656e-06 
7959 6.732747238212435e-06 
4501 6.927019441916258e-06 
605 1.2530220088809133e-06 
2432 6.7574460878219894e-06 
376 6.90846328243289e-06 
2648 6.9148014253257196e-06 
7017 6.917911156366885e-06 
6895 6.591793136829356e-06 
4356 6.91762848418636e-06 
7971 6.931924325589501e-06 
224 3.032448931966367e-06 
6439 2.6892212833624503e-06 
9917 6.749581854499339e-06 
9680 6.97452477362433e-06 
225 3.870398591911664e-06 
319 6.904695925539064e-06 
1655 6.916765868361359e-06 
5755 6.859401850315893e-06 
5781 7.4102669445038435e-06 
7777 6.914102349353274e-06 
9598 6.948955823206531e-06 
3169 6.93026936951455e-06 
8508 6.868006608981581e-06 
6058 6.880273804966112e-06 
3030 6.795503370480815e-06 
169 6.330419652549093e-06 
5893 6.8776060142645e-06 
2105 7.987266265166333e-06 
5489 7.16433621360855e-06 
2365 6.79667845154522e-06 
3851 6.335579806069409e-06 
7634 6.879139435222353e-06 
9617 6.897813986892909e-06 
7745 6.902205598466012e-06 
5741 5.896959558186966e-06 
5716 6.914561483209163e-06 
1767 6.7906669190661e-06 
3905 6.805623706155629e-06 
3550 5.167581680397112e-06 
7525 6.916125042784217e-06 
8396 6.825630033464618e-06 
9998 6.846304554866097e-06 
9244 6.818783440632452e-06 
3986 7.2232776426895246e-06 
6900 6.570764283912833e-06 
7841 3.5993430248239257e-06 
6208 6.929525637785058e-06 
5540 6.909100800694989e-06 
3580 7.004033842785426e-06 
1731 6.921678846116141e-06 
7142 6.24663810307367e-07 
4754 6.923621411727746e-06 
3131 6.775309597170124e-06 
1849 6.916686927594032e-06 
7371 6.686625031547915e-06 
9437 6.913070455130497e-06 
9908 8.88814530262187e-06 
1482 6.868092125511026e-06 
337 6.915949845570621e-06 
8787 4.817129812929398e-06 
8961 6.8493978061055216e-06 
7582 7.2325495982019355e-06 
3881 6.7985778117783975e-06 
7852 6.910259067902632e-06 
981 6.659601881096314e-06 
4048 5.958727847605671e-06 
9088 6.907334777912272e-06 
5198 6.887710961865211e-06 
4752 5.711502956933941e-06 
8853 6.914061021835545e-06 
8860 6.7956136349504615e-06 
3192 6.966316867902354e-06 
2970 5.497209135213544e-06 
7201 1.0091861459534036e-05 
1082 6.9197214981617704e-06 
4110 6.900144736585888e-06 
68 6.911474270830237e-06 
3321 6.888109110275454e-06 
7165 6.808936035925472e-06 
3340 6.860436522853056e-06 
989 6.903185995118751e-06 
1972 6.847918580988921e-06 
5007 6.859822621613826e-06 
138 6.946800062396215e-06 
5295 6.913193593782164e-06 
8488 6.839366243433229e-06 
5109 6.786849996806801e-06 
4962 6.912278855875451e-06 
4780 6.938817392851157e-06 
2000 6.910264149390987e-06 
1426 6.885903062035439e-06 
3286 6.916417142832581e-06 
2367 4.50724880519473e-06 
1260 6.6186757240862105e-06 
8616 6.152217355583593e-06 
6651 6.910306700114668e-06 
7891 3.686260151207432e-06 
1381 6.925558166692666e-06 
1407 6.915222894125501e-06 
8769 6.9455845994382775e-06 
2502 6.9144208507955014e-06 
7488 5.984787876936949e-06 
4073 6.68613015313133e-06 
8877 3.018026555481161e-06 
3765 6.887603129834643e-06 
9694 6.924426723585874e-06 
2726 6.925464964366904e-06 
1116 6.430730891235014e-06 
7656 6.913907304290292e-06 
809 6.621608291516595e-06 
5558 6.941342694208603e-06 
3144 2.7599103181573177e-06 
9064 6.9486274185689546e-06 
47 6.9166081313143025e-06 
3154 6.86110603624174e-06 
3114 7.096491844575997e-06 
2338 6.633330244482673e-06 
5804 6.9316791574892765e-06 
4900 6.9177427057625025e-06 
8374 6.9328079894967205e-06 
637 6.868472220131629e-06 
7567 6.956267980366148e-06 
8117 6.8689293086293595e-06 
9929 6.900217269607831e-06 
280 5.52124025153329e-06 
2212 6.9462959628704435e-06 
9991 6.661130266563199e-06 
9990 6.649582608154512e-06 
1460 6.692603010840788e-06 
9503 1.1021736921384281e-06 
6690 6.911620948876542e-06 
9553 6.751812168417224e-06 
8991 6.9241153147329975e-06 
4563 6.944642319665534e-06 
9374 6.186918211085504e-06 
9360 3.6727642887667637e-06 
7995 6.921774356867665e-06 
1892 6.906889197198556e-06 
7198 6.883271999911202e-06 
5639 6.914139112281721e-06 
9203 5.846942003025468e-06 
6075 6.697343548041734e-06 
8052 6.91910230124416e-06 
8524 6.914812539264376e-06 
7381 6.84451514972221e-06 
8831 6.79572313951327e-06 
8612 6.918553194521377e-06 
8167 4.241092900511128e-06 
1461 6.548195365295216e-06 
3261 6.919472519981473e-06 
6535 7.29959162623461e-06 
3957 6.766869002147624e-06 
1207 6.829788035356572e-06 
8966 6.904702527874913e-06 
142 6.910630260473219e-06 
9955 7.507723646305914e-06 
5862 6.871750554717702e-06 
9956 6.918600628114763e-06 
9122 6.9114205114835025e-06 
937 6.915356683974988e-06 
2855 6.848485251678366e-06 
6447 7.0937965432888234e-06 
3816 6.990832852425921e-06 
3460 6.213922857089165e-06 
4601 6.928243463566388e-06 
9541 6.907315497538703e-06 
8515 6.929470814834585e-06 
8288 8.064501987895177e-06 
1757 6.893498522441955e-06 
8584 6.486606346959576e-06 
9847 6.898406145511927e-06 
9807 1.5225124265781673e-05 
7948 6.534701414594906e-07 
594 6.901354323059872e-06 
2323 6.904719849312709e-06 
3830 5.599937394825484e-06 
4315 5.9232457847564304e-06 
2552 6.5713123274231095e-06 
1908 6.813801386689513e-06 
3890 6.878385522897788e-06 
737 8.300719417976023e-07 
5287 6.425562409550348e-06 
1183 6.92083921958849e-06 
9394 6.8123124661389855e-06 
7956 5.880840682399598e-06 
2557 6.886273879134972e-06 
7733 5.581193660219072e-06 
9421 9.391309369259972e-06 
8981 6.796097630397929e-06 
1418 6.92641755658414e-06 
7020 6.7393605971970244e-06 
7506 6.883580820546902e-06 
9014 7.525153726487619e-06 
2132 6.906568644116688e-06 
4208 6.779465386921275e-06 
9898 6.688159013748645e-06 
2229 7.024188540589925e-06 
635 6.9530837670866486e-06 
5568 6.903677158069792e-06 
6815 6.941541125936529e-06 
4825 6.870489665185928e-06 
6773 6.9392740249158844e-06 
6669 7.326121170624803e-06 
3038 4.969808156068732e-06 
8364 6.924513328526307e-06 
7187 6.919297913270699e-06 
8018 6.878991389065808e-06 
2960 6.827012906297755e-06 
9391 6.895042443299483e-06 
8579 6.019876537430717e-06 
1700 6.899486522377156e-06 
1808 6.1615191328810216e-06 
1781 5.275865721346992e-07 
6807 6.895270935096654e-06 
52 6.904142529917414e-06 
9661 6.934200607706276e-06 
2759 1.0597037213317657e-05 
3086 6.913966357328708e-06 
3923 6.5593699047594035e-06 
5839 6.907936896799809e-06 
1572 6.496249828934327e-06 
8309 6.941856060678653e-06 
9965 6.13136988449136e-06 
5544 6.741684903558327e-06 
7687 6.824693888663498e-06 
3464 6.890424347674974e-06 
3748 6.533115415111344e-06 
1424 4.157412395256105e-06 
7712 6.266806492293345e-06 
1145 6.985337980550421e-06 
8441 6.895344607068624e-06 
7767 7.737956249180612e-06 
5891 6.8727101543405475e-06 
7939 6.562454415719878e-06 
5969 6.90965609914331e-06 
4568 6.802769417942789e-06 
532 6.9206346460994094e-06 
8936 6.908263352830611e-06 
4049 6.92816087491857e-06 
5657 6.6936054085338585e-06 
1544 6.915198947406115e-06 
1953 6.905896297311942e-06 
6455 6.70393408005329e-06 
5305 6.889047625802804e-06 
642 4.561163113911061e-06 
1274 6.897739367229317e-06 
1819 7.2714579823180854e-06 
9668 1.5685653009970963e-06 
629 6.905769843180751e-06 
263 6.936181988586691e-06 
5070 6.754506756166051e-06 
9012 4.394269036367452e-06 
7355 6.948477619228202e-06 
5868 6.8972649280724085e-06 
2050 6.318544803187247e-06 
389 6.976862862260856e-06 
4377 6.910458773880704e-06 
57 7.235830370537217e-07 
8618 5.983076849767776e-06 
5640 6.316243084078818e-06 
6867 5.715415910707416e-06 
4183 6.902780308917688e-06 
8423 6.903610757753902e-06 
3696 6.893381032773407e-06 
9445 5.1411529225072145e-06 
7932 6.881092903955125e-06 
7513 6.862428199030047e-06 
6363 4.893117746322222e-06 
1818 6.9193775142291315e-06 
2651 6.871093047706246e-06 
7901 6.887702844656885e-06 
6178 6.6199021165223665e-06 
8708 6.954895553558602e-06 
1496 6.875644671725211e-06 
1588 6.905003257738735e-06 
2200 4.3721096528644165e-07 
1669 6.953916520731612e-06 
2142 6.143232703519552e-06 
3203 6.900102703856713e-06 
269 1.457231764928812e-06 
2492 6.874686488107358e-06 
565 6.926202834866457e-06 
8011 6.908220769438506e-06 
5183 6.686300468399707e-06 
90 6.917825517528793e-06 
6990 6.78994077799755e-06 
7218 6.876076343580185e-06 
1480 6.98557671861555e-06 
6566 6.901573325871733e-06 
3783 6.926959643002772e-06 
7403 6.9133801709340855e-06 
1870 6.900431840646766e-06 
6702 3.256255090978401e-06 
9674 5.030960311573815e-06 
2902 6.783705098519216e-06 
3882 6.7906100349144945e-06 
4941 6.86046084386749e-06 
9412 6.917052485136122e-06 
5296 6.603214068228114e-07 
723 6.936360659279668e-06 
6751 6.9223896425750264e-06 
514 6.791180017828089e-06 
5884 6.918912173661905e-06 
9397 6.919433288965211e-06 
2990 6.8229158918665355e-06 
5379 7.435677013357907e-06 
926 6.915649016830454e-06 
6712 6.8303215687257784e-06 
1383 7.407597413929317e-06 
2842 6.865617323285528e-06 
5128 6.952758599910784e-06 
7817 6.91812152207709e-06 
1935 6.447905910897108e-06 
6991 6.908473895657719e-06 
8793 6.552252136329576e-06 
8863 6.92143473690575e-06 
3989 7.012708331009977e-06 
1471 6.980794342355912e-06 
6191 6.88733858596637e-06 
7226 6.876820038354195e-06 
444 8.012294273126917e-06 
3318 6.899097665518051e-06 
5152 6.62336918969526e-06 
7686 6.930549060839988e-06 
644 6.869490402333625e-06 
6804 6.821102227634738e-06 
5142 6.922297804701015e-06 
8972 6.8507629271340874e-06 
6092 1.845077469532271e-06 
9148 7.675254798701849e-06 
5802 6.928475688075861e-06 
8174 6.912765410377829e-06 
1042 6.897122218151496e-06 
2063 6.5392836027900435e-06 
5499 6.9125560541001936e-06 
270 6.438500700016669e-06 
4924 6.887539015191472e-06 
8239 6.921690154031428e-06 
8151 6.7484987570750695e-06 
3855 6.897801418592455e-06 
7312 7.200784127178968e-06 
4679 6.952137879741106e-06 
6520 6.91208698408218e-06 
2928 7.99855701896368e-06 
3498 6.918388566159069e-06 
7510 6.911342426683526e-06 
3459 6.907749819783003e-06 
6405 6.895476775955e-06 
526 6.952865586146023e-06 
2035 6.858296208268064e-06 
5778 6.944531451367116e-06 
99 6.763894968152987e-06 
455 6.823672786491421e-06 
9600 6.918527450973953e-06 
4675 6.913511732020858e-06 
4821 6.8912605896680766e-06 
5672 6.086837197899328e-06 
2111 6.927527073521653e-06 
9961 5.552337101672791e-06 
4264 6.900919271797592e-06 
6809 6.788386467204199e-06 
4308 6.934340746966678e-06 
5794 6.9063912498643975e-06 
7162 6.921897888438922e-06 
2526 7.018632576506901e-06 
2191 6.986973028324792e-06 
252 6.669168158709645e-06 
146 6.91193090246099e-06 
6039 5.943591353875968e-06 
7072 5.032512299777373e-06 
6647 6.879660900881295e-06 
7573 6.64220349093764e-06 
6062 6.87332790690558e-06 
1833 6.691720123774167e-06 
1293 6.284101994208828e-06 
3821 7.092918444688888e-06 
8498 7.053451946178995e-06 
2607 6.968155382335471e-06 
5223 6.925792281662012e-06 
482 7.100485719464295e-06 
877 8.483789550944386e-06 
3646 6.8730502494052084e-06 
6759 6.883446224881752e-06 
9708 7.142703378341156e-06 
6359 6.911596202788681e-06 
9094 6.837543044895786e-06 
6288 6.913453598706363e-06 
3123 6.885991641825496e-06 
4005 6.885142138842683e-06 
6334 6.911374065960171e-06 
1650 1.781311513324727e-06 
979 6.874038585839287e-06 
1799 6.917584677617994e-06 
1634 6.914543079440018e-06 
7918 6.472198008457388e-06 
1896 1.7493301745232367e-06 
6916 6.731191993034636e-06 
5694 6.91992809301961e-06 
573 6.83805739598655e-06 
1127 6.894998074087388e-06 
8747 6.8426857946760344e-06 
4302 6.86952317434498e-06 
4131 6.886935913951578e-06 
9171 6.545743959935601e-06 
1396 6.922816067644348e-06 
3466 6.901070538473318e-06 
1707 6.888913806770342e-06 
7847 6.907984097076942e-06 
788 6.777228774665755e-06 
6484 6.9117244040472876e-06 
267 6.882701589897886e-06 
9992 6.887444337428846e-06 
8821 1.8706715868744647e-06 
9582 4.818557755747258e-06 
6205 6.860516797791996e-06 
3434 6.95106206249973e-06 
6777 6.904434128977638e-06 
5871 6.934285279517814e-06 
7166 6.866287831899722e-06 
8985 6.920932150024378e-06 
1947 6.917093602255806e-06 
4388 6.919750568737616e-06 
6776 6.825608420760945e-06 
3531 6.0791454196044e-06 
5896 6.918279305210208e-06 
2710 6.90895759938789e-06 
2462 5.893081844437458e-06 
5922 7.068344453121341e-06 
9161 6.887396853763227e-06 
4974 6.915729937297774e-06 
1853 6.936259772919273e-06 
2331 6.265770902957663e-06 
5859 7.6647994810525e-06 
7186 6.9386193003001614e-06 
7036 5.171121703208745e-06 
4150 7.125564511876559e-06 
4428 6.916640550934374e-06 
181 6.823831445822896e-06 
237 6.776364647045661e-06 
8770 6.308848310820808e-06 
6918 6.918452688392936e-06 
1643 6.992128437455175e-06 
9128 6.858356608749496e-06 
6181 6.910901919232971e-06 
9765 6.871660472548456e-06 
6087 6.666286021941673e-06 
4894 6.895760132601074e-06 
7035 7.060667974408589e-06 
8790 6.9094323055514016e-06 
9757 6.96219260440325e-06 
6631 6.939371913235823e-06 
3767 6.909421283100302e-06 
1441 1.5870863017911697e-05 
1035 6.8284825759785364e-06 
1595 6.469321083497894e-06 
5314 6.8950146805676696e-06 
2479 7.3202848461568505e-06 
426 6.668344399902419e-06 
9066 6.393198931850188e-06 
3823 6.778209541847806e-06 
3294 6.835401695104386e-06 
7697 5.099065657785029e-06 
4990 6.8293751616634125e-06 
71 6.350302741972214e-06 
8541 3.2100857330019132e-06 
2801 6.539327927161442e-06 
7892 6.111502010088897e-06 
8348 6.854924975945914e-06 
9404 6.751780783674408e-06 
8788 6.9089434701726045e-06 
8653 6.904006094502671e-06 
1492 6.899312635642734e-06 
392 7.4188162676196155e-06 
5403 4.605829808626395e-06 
4967 6.694268383869223e-06 
3312 6.902881659061796e-06 
6907 7.53734950492765e-06 
8073 7.1174270479849886e-06 
9739 6.876174381616834e-06 
4766 7.069434851995258e-06 
2530 8.249525102433349e-06 
4468 3.6665732005172516e-06 
9092 5.9037966523026265e-06 
5959 6.9016535043944194e-06 
921 6.607357441952378e-06 
4455 6.876852061345641e-06 
810 6.89342331945729e-06 
5497 6.842433027523422e-06 
9246 6.642370490064598e-06 
849 6.916362691364863e-06 
9513 6.883342867706489e-06 
3970 6.9330358754676225e-06 
6342 6.896418550344236e-06 
2806 6.7131609848852454e-06 
6259 6.918683959758359e-06 
8343 6.935542288824967e-06 
9326 6.919058980668129e-06 
4662 6.915067625378735e-06 
6754 6.073365095500872e-06 
275 6.9208614465175035e-06 
5762 4.3679329957897385e-06 
6796 1.0629120696702584e-05 
9468 6.9248606342670116e-06 
6120 6.888016337900048e-06 
2428 6.128614820229781e-06 
5637 6.896101270090725e-06 
6090 6.929251997707232e-06 
7879 6.896134703407528e-06 
6164 6.944946318321202e-06 
5404 6.860436413331956e-06 
1843 6.917764271339201e-06 
946 1.668012569897839e-06 
6512 3.310676853376646e-06 
4114 6.908377261440347e-06 
1782 6.913336855686129e-06 
9440 3.4701923633919583e-06 
8994 4.869216254661536e-06 
8735 6.840681860506082e-06 
3924 6.68916429010391e-06 
3421 6.932689247387857e-06 
9754 6.8304819125026e-06 
4555 6.769674936537253e-06 
7143 6.92201247851482e-06 
2193 6.469937157654396e-06 
5677 6.917466612107225e-06 
4072 6.901448187547219e-06 
9162 7.24373121578379e-06 
9310 6.9233663019113135e-06 
8373 6.981972511206915e-06 
7497 6.859090885442699e-06 
6740 6.907395648391953e-06 
6028 6.899679234356925e-06 
5649 6.915520423574949e-06 
7183 1.3979518900917558e-05 
1041 6.743424727995108e-06 
2543 6.859485042808093e-06 
3907 6.609906306759704e-06 
6906 6.588472801603207e-06 
1251 6.7645729771955275e-06 
7768 7.010597220287719e-06 
1331 6.893470393355977e-06 
5418 6.895786436337802e-06 
1189 6.889751480305361e-06 
7872 6.900453836207979e-06 
4463 6.983061652023438e-06 
4156 6.414265331483302e-06 
646 6.911302681237169e-06 
2286 6.760336864786075e-06 
1699 6.9654755980299945e-06 
9861 7.71131361629595e-06 
9737 6.91705282116598e-06 
4843 6.904092553112138e-06 
5505 6.9177026962660525e-06 
6531 6.916743043721752e-06 
8724 7.091544300168483e-06 
7930 6.901936974898519e-06 
4126 6.828712852162634e-06 
9289 6.92934723664314e-06 
3740 6.861157036401836e-06 
4596 6.718558450583993e-06 
8175 6.831581348755092e-06 
8390 6.780551267103253e-06 
1845 6.496506113372587e-06 
6767 7.285205157784992e-06 
6362 6.918487745996687e-06 
4771 6.879578223488634e-06 
8218 6.884002446016984e-06 
984 6.894928959289253e-06 
7133 7.54165568342336e-06 
795 5.3971368026555525e-06 
8141 6.7827153868395714e-06 
8274 6.909271243094768e-06 
8899 6.948991173955981e-06 
6806 6.915034365833173e-06 
8891 6.908986323686444e-06 
6598 6.863577039776707e-06 
7643 6.918751949489791e-06 
6034 5.992520906026995e-06 
7760 6.962786236646936e-06 
9077 6.572836025732437e-06 
5726 6.917078175092576e-06 
3213 6.9167703339344335e-06 
5593 6.919463092052778e-06 
7542 6.918541081472027e-06 
6397 6.915856771550236e-06 
145 6.905932999485718e-06 
5695 9.656668476306844e-06 
3070 7.960428057492039e-06 
3629 6.933234805170425e-06 
9218 6.798927065754614e-06 
2825 6.897184287552038e-06 
854 7.276101629356531e-06 
3252 6.884238293518103e-06 
9270 1.089054532377067e-05 
9268 6.370353357050299e-06 
3172 6.887078943583336e-06 
3429 6.794270178572227e-06 
5813 7.192529414956205e-07 
6088 6.925098240466843e-06 
6281 6.920341329825284e-06 
4525 7.155196512439573e-06 
2013 6.876996284862746e-06 
9571 6.806294341217897e-06 
4075 6.916524966817406e-06 
4236 6.900374777606054e-06 
5821 6.925874184684053e-06 
6347 6.9124020693786795e-06 
6550 7.00332660070976e-06 
6592 6.767744844648594e-06 
9766 5.633439135850683e-06 
7540 6.90406947133776e-06 
9245 6.428722094690443e-06 
228 6.820758151618885e-06 
1941 6.86646687463969e-06 
3971 6.818189566207655e-06 
5943 6.912725131777214e-06 
4720 6.889857944405741e-06 
9015 6.908030870005136e-06 
6274 6.907719709239119e-06 
4897 6.45640391959148e-06 
3413 6.906880374885698e-06 
4678 6.826413526564518e-06 
6066 6.78459285663253e-06 
3684 6.888740450965101e-06 
2914 6.856696133531728e-06 
5504 6.8918819544866505e-06 
7261 6.915582847683186e-06 
3917 6.811191712950469e-06 
9265 6.9799605749836784e-06 
4184 6.648982127214281e-06 
1421 6.788714028102296e-06 
9123 8.032560199014603e-06 
3375 6.995318646411348e-06 
1983 6.839027491473361e-06 
3698 2.6257614086735837e-05 
7410 6.923844833054338e-06 
9381 6.912470710775583e-06 
8083 6.901123169702351e-06 
8307 5.60920511991372e-06 
5795 6.867534148977669e-06 
2676 5.710630201558404e-06 
4712 5.624225206799517e-06 
2465 6.67924598842009e-06 
1787 6.910136061447542e-06 
8931 8.286398021603908e-06 
631 6.903662178311353e-06 
5796 6.869930776106882e-06 
5972 6.939588470865803e-06 
1568 6.919997490733984e-06 
7679 4.48655661491667e-06 
7869 6.924313118500818e-06 
9976 6.711141097184777e-06 
9569 6.7896525334384345e-06 
1142 6.45591789672788e-06 
4680 6.9171235566702255e-06 
1998 7.028984474747008e-06 
2861 6.928583941716307e-06 
3552 6.768746514184045e-06 
8456 6.872698343534634e-06 
50 6.535617565301573e-06 
2345 6.915694621724307e-06 
9997 6.6209152552974114e-06 
1163 6.884877452119026e-06 
6625 6.840974321177765e-06 
7527 6.885853498720757e-06 
4885 6.979895647329735e-06 
3456 7.05634406900242e-06 
5580 6.807580807255855e-06 
4179 6.823214843156891e-06 
1238 2.6874455162119448e-08 
9482 6.903105096609751e-06 
1683 6.852494565133137e-06 
4598 6.014739285732824e-08 
9746 6.914338992342297e-06 
1851 6.949615665621065e-06 
4818 6.918704283616098e-06 
3390 6.886203107548398e-06 
3628 7.0234487814873855e-06 
