933 1.4027802452270823e-05 
8582 1.267049136534956e-05 
8581 1.1406740568504353e-07 
7347 2.778168522590359e-06 
7291 3.5690998315056407e-06 
8517 9.205940393125034e-06 
7260 1.7495900781510974e-05 
9404 1.1874719755151655e-05 
4665 9.541001484264272e-06 
5564 2.51248134279557e-07 
4070 1.623466250474055e-05 
7376 1.3410843821922984e-05 
6344 5.987872614143841e-06 
5051 1.4086215099113013e-05 
7866 1.3810263245555174e-05 
4415 8.853804834983476e-06 
1118 2.3144634798781815e-05 
8993 7.8269340493195e-08 
5745 1.3877033268096773e-05 
6405 1.3626098975714277e-05 
5416 1.31015894523562e-05 
8412 1.4031766917571322e-05 
1031 1.1378727615881592e-05 
5684 1.1883288985394008e-05 
5537 4.456033931760809e-06 
4712 5.704543729720033e-07 
3287 1.1619609268812199e-05 
7286 1.1931343789884564e-05 
112 1.3700847191435605e-05 
690 1.3002318765687107e-05 
863 1.2220402913196037e-05 
5749 8.984101375400376e-06 
4207 1.288280769784751e-05 
1387 1.3931202764517502e-05 
2591 1.3122087614299204e-05 
6879 5.3570497639439385e-08 
6224 1.4727555387472284e-05 
2794 9.166167091402196e-06 
6970 6.634155162240435e-06 
8985 1.3979580769789959e-05 
1749 2.4431869293979828e-05 
2837 1.2914165138649417e-05 
2449 1.383541614474476e-05 
1129 2.5779225543457823e-06 
8846 1.1754809811966235e-05 
8910 1.4005964415350542e-05 
5161 1.065924655712063e-05 
8483 1.3564454427048965e-05 
4832 1.4282129505305962e-05 
456 6.135575902510838e-06 
6531 1.4175778504206759e-05 
8041 1.570054111306488e-05 
5098 7.4553978061955355e-06 
7458 1.391937139123525e-05 
3743 1.3113984708994093e-05 
66 1.255495030423793e-05 
1397 1.3826165476198361e-05 
2389 1.3464231376364864e-05 
7817 1.355575486658346e-05 
2563 1.1930617791628458e-05 
9793 1.4052450585161939e-05 
8318 1.0394644047219003e-05 
7283 1.3943577524604577e-05 
2378 8.273789254135909e-06 
5798 1.491447152701821e-05 
5390 9.069664795134434e-06 
8210 1.8282270687689066e-05 
8307 2.3970712104885803e-07 
492 1.2784004291217446e-05 
6266 6.163791913187053e-06 
1319 1.3820595020497141e-05 
8599 6.351126453289264e-06 
4560 5.935239734341319e-05 
5473 8.504944522767423e-06 
6198 4.350782736041873e-06 
4212 2.2713092952844726e-05 
811 7.000150390517328e-06 
2149 9.529129955865169e-06 
8843 1.3852738830260549e-05 
7129 1.0054564057445419e-05 
7135 1.3212172069133127e-05 
2568 1.0865976447653909e-05 
2455 1.2027415183491508e-05 
4782 1.3187255973233179e-05 
5764 2.8146803460513573e-05 
141 9.039243470784221e-06 
6447 4.785748408969923e-05 
8586 1.1101685033031927e-05 
7045 1.3724862507342502e-05 
1573 1.3871308572680081e-05 
5801 2.192837724372455e-05 
4275 3.620071688888055e-05 
7503 1.3447960883023954e-07 
5442 1.850449069138739e-05 
296 9.790167420976537e-06 
5355 1.5276321778117834e-05 
8636 1.3294930432829554e-05 
348 1.3811583955742167e-05 
4785 1.2926003679579927e-05 
853 1.2776030930882819e-05 
5081 3.775170456310034e-06 
2350 1.1836340844802942e-05 
8948 1.01928735914828e-05 
9370 1.3809719600602562e-05 
4919 1.4233560156105253e-05 
3107 1.2909168063641355e-05 
307 1.3395684734379218e-05 
484 7.66448444652419e-06 
6232 1.264762577485323e-06 
1527 9.815360792316474e-07 
6056 8.061348185153039e-06 
7822 4.313652605768685e-06 
5166 1.395471586883362e-05 
7355 1.2011658352986192e-05 
6264 1.0666361810811564e-05 
1162 1.4148713179100288e-05 
5276 1.026921410490738e-05 
2269 1.0636912644219445e-05 
9941 3.9946963908932774e-06 
5952 1.6108301561788665e-05 
2386 9.64822662843798e-07 
903 1.3127435055628958e-05 
7761 4.2646877649011745e-06 
6642 2.210860170418178e-05 
5289 1.426024570368737e-05 
5100 1.2260185489427933e-05 
9906 1.3652941702291144e-05 
154 1.275652816351844e-05 
4264 1.350443852186393e-05 
7492 1.355149108202725e-05 
2743 5.004727006501503e-06 
7776 1.3006060251891015e-05 
1500 1.3891654732153274e-05 
6157 1.4944584833366205e-05 
600 1.00197213138226e-05 
45 1.212482181202209e-05 
6026 1.3707672242518385e-05 
1461 1.216672604443978e-05 
5302 2.06111107833293e-05 
1452 1.0858878503258326e-05 
3373 1.4537692434054564e-05 
5181 7.266893927672033e-07 
9065 1.3885958614700293e-05 
7881 1.3905462222052357e-05 
6121 3.4812219038442472e-06 
5356 7.551222664573939e-06 
5661 1.2890464835015685e-05 
2261 6.789891108582329e-06 
2428 4.0021267037247893e-07 
9044 1.2183842460600896e-05 
5443 2.948532081902768e-06 
8584 6.10614415808392e-06 
923 5.496066691058667e-06 
1258 4.536997889481711e-06 
7174 2.4802503884136873e-06 
2256 2.017366361217721e-06 
4450 1.2587357711111049e-05 
9310 1.4076497059121687e-05 
5426 1.7962304369191202e-06 
2235 2.95242266198877e-06 
